2 , 16 42076.000000
66927.000000
80752.000000
101135.000000
97218.000000
68072.000000
36076.000000
2313.000000
9229.000000
16052.000000
23095.000000
12621.000000
4546.000000
3266.000000
1600.000000
1220.000000
5902.000000
30722.000000
33795.000000
34333.000000
49737.000000
49174.000000
50491.000000
21245.000000
44619.000000
41386.000000
12174.000000
10527.000000
2386.000000
18179.000000
22187.000000
5093.000000
3078.000000
4562.000000
7792.000000
8878.000000
3600.000000
8201.000000
13166.000000
30579.000000
3205.000000
1148.000000
5652.000000
17394.000000
12365.000000
17397.000000
8361.000000
16710.000000
23625.000000
25026.000000
25472.000000
20590.000000
2299.000000
6063.000000
5499.000000
9079.000000
4284.000000
2921.000000
5891.000000
6278.000000
5729.000000
10475.000000
15771.000000
20172.000000
16928.000000
8942.000000
4233.000000
1512.000000
1688.000000
13603.000000
12934.000000
4615.000000
9231.000000
3728.000000
5093.000000
2015.000000
6302.000000
7960.000000
2309.000000
7446.000000
10240.000000
2525.000000
15511.000000
15631.000000
16173.000000
20807.000000
6841.000000
7658.000000
7522.000000
2940.000000
6368.000000
6821.000000
5941.000000
9640.000000
7093.000000
18661.000000
14445.000000
16331.000000
17939.000000
23694.000000
2695.000000
5079.000000
1769.000000
3680.000000
7458.000000
1395.000000
5063.000000
5334.000000
9876.000000
8375.000000
5968.000000
1863.000000
1373.000000
1021.000000
3045.000000
4709.000000
1867.000000
7487.000000
10789.000000
1829.000000
7112.000000
12750.000000
6799.000000
2852.000000
1288.000000
2745.000000
2932.000000
3453.000000
889.000000
632.000000
7881.000000
11809.000000
15947.000000
13391.000000
13161.000000
6625.000000
3858.000000
1805.000000
5164.000000
17919.000000
15240.000000
18157.000000
18562.000000
1716.000000
1465.000000
8309.000000
10764.000000
21812.000000
21957.000000
17424.000000
2152.000000
4871.000000
7689.000000
4390.000000
7112.000000
8072.000000
15628.000000
9697.000000
5632.000000
12699.000000
8836.000000
5233.000000
1000.000000
717.000000
764.000000
1269.000000
1182.000000
1545.000000
221.000000
809.000000
127.000000
1178.000000
284.000000
882.000000
878.000000
1388.000000
728.000000
2573.000000
706.000000
1175.000000
2540.000000
2564.000000
5204.000000
3114.000000
3580.000000
426.000000
910.000000
1726.000000
1257.000000
1250.000000
1275.000000
1268.000000
1913.000000
1827.000000
513.000000
353.000000
2108.000000
2764.000000
2427.000000
201.000000
228.000000
671.000000
1884.000000
1099.000000
326.000000
886.000000
6216.000000
930.000000
751.000000
2064.000000
3660.000000
2816.000000
2038.000000
477.000000
465.000000
1346.000000
2416.000000
1291.000000
3647.000000
3015.000000
3675.000000
2599.000000
2790.000000
3416.000000
1388.000000
840.000000
1944.000000
446.000000
676.000000
1538.000000
839.000000
424.000000
309.000000
281.000000
580.000000
850.000000
980.000000
385.000000
1663.000000
3137.000000
2468.000000
1420.000000
349.000000
314.000000
4233.000000
1945.000000
2936.000000
2811.000000
484.000000
1618.000000
4705.000000
6771.000000
5992.000000
5033.000000
5365.000000
4252.000000
1216.000000
1262.000000
3350.000000
2286.000000
525.000000
1232.000000
761.000000
412.000000
1350.000000
934.000000
109.000000
502.000000
1098.000000
1723.000000
554.000000
1905.000000
3108.000000
1856.000000
1245.000000
755.000000
1259.000000
1301.000000
1024.000000
853.000000
287.000000
731.000000
1146.000000
3283.000000
3622.000000
1818.000000
1423.000000
4402.000000
2588.000000
2701.000000
1366.000000
230.000000
213.000000
449.000000
954.000000
691.000000
972.000000
419.000000
928.000000
227.000000
1809.000000
2400.000000
494.000000
2058.000000
2778.000000
2096.000000
394.000000
899.000000
1431.000000
3148.000000
3119.000000
3123.000000
3955.000000
2211.000000
904.000000
2169.000000
2486.000000
1997.000000
2785.000000
398.000000
1871.000000
1495.000000
1011.000000
1209.000000
1814.000000
562.000000
666.000000
1416.000000
4039.000000
2604.000000
4504.000000
4705.000000
2991.000000
1205.000000
741.000000
468.000000
857.000000
231.000000
1022.000000
2133.000000
1420.000000
856.000000
3438.000000
4041.000000
2681.000000
5025.000000
3567.000000
595.000000
2137.000000
3129.000000
667.000000
842.000000
1037.000000
3338.000000
3288.000000
4021.000000
3072.000000
563.000000
1479.000000
3321.000000
3007.000000
4082.000000
1436.000000
2352.000000
2060.000000
2030.000000
2263.000000
211.000000
882.000000
812.000000
2854.000000
630.000000
1214.000000
3334.000000
1793.000000
3974.000000
3131.000000
3471.000000
1379.000000
4182.000000
5710.000000
4996.000000
5408.000000
7012.000000
3081.000000
2885.000000
2977.000000
1651.000000
534.000000
1328.000000
2645.000000
543.000000
155.000000
138.000000
1169.000000
3358.000000
4388.000000
4072.000000
5355.000000
5067.000000
4379.000000
1585.000000
494.000000
258.000000
1388.000000
3047.000000
2754.000000
3504.000000
251.000000
1635.000000
2500.000000
2402.000000
1497.000000
519.000000
474.000000
647.000000
1093.000000
922.000000
1140.000000
2839.000000
1355.000000
1450.000000
1625.000000
174.000000
1527.000000
2007.000000
951.000000
592.000000
872.000000
211.000000
333.000000
803.000000
1116.000000
1267.000000
2709.000000
1334.000000
206.000000
1178.000000
1805.000000
919.000000
2187.000000
2168.000000
1540.000000
284.000000
1653.000000
2817.000000
2148.000000
2841.000000
524.000000
529.000000
273.000000
775.000000
777.000000
1808.000000
869.000000
2409.000000
1016.000000
1469.000000
1209.000000
882.000000
731.000000
1725.000000
1552.000000
2142.000000
3543.000000
2085.000000
1082.000000
413.000000
865.000000
1432.000000
391.000000
1313.000000
2195.000000
2654.000000
2483.000000
2056.000000
569.000000
1806.000000
2865.000000
2178.000000
1296.000000
1065.000000
190.000000
648.000000
1271.000000
1482.000000
1358.000000
1081.000000
846.000000
2002.000000
2819.000000
1514.000000
3194.000000
1824.000000
3603.000000
2645.000000
3883.000000
2544.000000
3853.000000
1370.000000
6728.000000
1358.000000
265.000000
543.000000
792.000000
1374.000000
917.000000
115.000000
539.000000
999.000000
332.000000
1414.000000
2565.000000
1905.000000
3817.000000
2794.000000
965.000000
1209.000000
333.000000
700.000000
2093.000000
3489.000000
1240.000000
722.000000
316.000000
641.000000
1295.000000
2096.000000
277.000000
1429.000000
173.000000
1160.000000
575.000000
802.000000
218.000000
1191.000000
3814.000000
3423.000000
3324.000000
1122.000000
1886.000000
1257.000000
3725.000000
2877.000000
2677.000000
1342.000000
2888.000000
2459.000000
4761.000000
2774.000000
553.000000
442.000000
382.000000
1007.000000
277.000000
1058.000000
375.000000
1000.000000
1300.000000
195.000000
1873.000000
2879.000000
1363.000000
3106.000000
3040.000000
2491.000000
1547.000000
275.000000
783.000000
382.000000
787.000000
2014.000000
656.000000
1296.000000
1790.000000
231.000000
231.000000
791.000000
1452.000000
2367.000000
2556.000000
590.000000
243.000000
1479.000000
3575.000000
2376.000000
2992.000000
429.000000
369.000000
189.000000
579.000000
659.000000
863.000000
460.000000
362.000000
922.000000
1293.000000
1476.000000
2123.000000
891.000000
769.000000
1061.000000
278.000000
354.000000
1945.000000
2615.000000
1808.000000
864.000000
1870.000000
2250.000000
384.000000
170.000000
1251.000000
893.000000
1196.000000
2721.000000
2269.000000
392.000000
595.000000
666.000000
128.000000
762.000000
415.000000
1278.000000
1078.000000
571.000000
2478.000000
2129.000000
418.000000
763.000000
1104.000000
569.000000
251.000000
662.000000
660.000000
999.000000
2246.000000
1946.000000
418.000000
1612.000000
1988.000000
2070.000000
1448.000000
2061.000000
470.000000
1258.000000
2361.000000
2611.000000
2174.000000
2456.000000
5340.000000
5643.000000
4387.000000
1875.000000
2062.000000
589.000000
231.000000
970.000000
819.000000
935.000000
288.000000
878.000000
1116.000000
1751.000000
942.000000
1370.000000
2015.000000
1291.000000
1339.000000
1259.000000
943.000000
1418.000000
1306.000000
661.000000
1161.000000
1351.000000
1979.000000
2464.000000
237.000000
301.000000
509.000000
190.000000
207.000000
803.000000
192.000000
515.000000
614.000000
272.000000
1636.000000
3371.000000
2930.000000
3832.000000
225.000000
770.000000
4810.000000
5423.000000
6040.000000
5261.000000
5851.000000
612.000000
1297.000000
2476.000000
576.000000
1570.000000
2461.000000
2304.000000
3102.000000
4084.000000
5549.000000
5182.000000
3922.000000
4471.000000
3719.000000
395.000000
583.000000
664.000000
1826.000000
3400.000000
1132.000000
1267.000000
1261.000000
185.000000
995.000000
393.000000
311.000000
173.000000
758.000000
1403.000000
984.000000
688.000000
1184.000000
1976.000000
644.000000
565.000000
1595.000000
1418.000000
4420.000000
3856.000000
5071.000000
4400.000000
3259.000000
165.000000
511.000000
1019.000000
1796.000000
345.000000
632.000000
1137.000000
3088.000000
2058.000000
727.000000
651.000000
373.000000
1158.000000
3548.000000
897.000000
704.000000
1259.000000
1968.000000
1415.000000
2635.000000
238.000000
177.000000
681.000000
525.000000
436.000000
1983.000000
1571.000000
155.000000
412.000000
559.000000
931.000000
1188.000000
1603.000000
1366.000000
2653.000000
510.000000
432.000000
901.000000
567.000000
390.000000
348.000000
1228.000000
4107.000000
872.000000
284.000000
1090.000000
484.000000
3587.000000
2735.000000
4094.000000
2228.000000
884.000000
420.000000
530.000000
457.000000
583.000000
1451.000000
1371.000000
1951.000000
303.000000
177.000000
467.000000
1936.000000
499.000000
1251.000000
1753.000000
1807.000000
3298.000000
1440.000000
230.000000
1284.000000
1869.000000
1448.000000
2479.000000
740.000000
603.000000
711.000000
602.000000
964.000000
1300.000000
2643.000000
1699.000000
2775.000000
1997.000000
365.000000
1130.000000
879.000000
693.000000
285.000000
662.000000
263.000000
226.000000
275.000000
1504.000000
2549.000000
2687.000000
1843.000000
719.000000
196.000000
150.000000
642.000000
1129.000000
4405.000000
4141.000000
4733.000000
629.000000
1873.000000
2372.000000
2602.000000
4052.000000
1885.000000
824.000000
867.000000
904.000000
679.000000
1033.000000
2823.000000
2283.000000
1889.000000
559.000000
554.000000
2789.000000
3846.000000
4192.000000
4426.000000
5548.000000
4196.000000
870.000000
774.000000
1526.000000
513.000000
485.000000
861.000000
1423.000000
2182.000000
4806.000000
5478.000000
6897.000000
6664.000000
7040.000000
7312.000000
8482.000000
7188.000000
266.000000
376.000000
787.000000
3020.000000
1594.000000
1218.000000
3666.000000
2439.000000
2907.000000
539.000000
772.000000
318.000000
1133.000000
293.000000
848.000000
971.000000
757.000000
809.000000
977.000000
2078.000000
1637.000000
2573.000000
2226.000000
1382.000000
592.000000
1475.000000
3560.000000
4427.000000
6564.000000
5137.000000
4967.000000
5693.000000
3545.000000
638.000000
2270.000000
1624.000000
478.000000
804.000000
690.000000
1202.000000
655.000000
1461.000000
595.000000
812.000000
1353.000000
691.000000
421.000000
469.000000
663.000000
241.000000
453.000000
743.000000
881.000000
1667.000000
391.000000
318.000000
2585.000000
3255.000000
4733.000000
586.000000
748.000000
391.000000
294.000000
742.000000
1238.000000
685.000000
1985.000000
2850.000000
4185.000000
3897.000000
3594.000000
4595.000000
1388.000000
920.000000
394.000000
1832.000000
3272.000000
3232.000000
2353.000000
4492.000000
194.000000
822.000000
121.000000
1875.000000
3446.000000
4465.000000
3759.000000
4886.000000
576.000000
794.000000
3910.000000
2610.000000
1225.000000
1863.000000
1770.000000
1114.000000
1145.000000
2306.000000
375.000000
688.000000
497.000000
1133.000000
1852.000000
102.000000
768.000000
455.000000
1519.000000
2308.000000
2586.000000
3104.000000
4251.000000
5254.000000
3696.000000
1574.000000
1407.000000
4024.000000
5194.000000
6072.000000
6778.000000
4618.000000
1103.000000
930.000000
1332.000000
1891.000000
2725.000000
2161.000000
1193.000000
1462.000000
422.000000
1407.000000
440.000000
198.000000
1280.000000
728.000000
629.000000
848.000000
359.000000
704.000000
586.000000
2015.000000
2807.000000
1224.000000
906.000000
1271.000000
607.000000
224.000000
1718.000000
2468.000000
1051.000000
1462.000000
2792.000000
2058.000000
988.000000
1380.000000
1587.000000
798.000000
1575.000000
3410.000000
1621.000000
1420.000000
2615.000000
591.000000
1592.000000
1578.000000
15964.000000
1640.000000
1666.000000
2543.000000
931.000000
603.000000
306.000000
425.000000
692.000000
702.000000
215.000000
878.000000
1216.000000
1048.000000
1352.000000
596.000000
596.000000
1476.000000
196.000000
635.000000
1059.000000
3375.000000
1259.000000
777.000000
1100.000000
614.000000
655.000000
1267.000000
811.000000
2581.000000
2689.000000
3942.000000
2104.000000
222.000000
560.000000
758.000000
587.000000
1088.000000
1314.000000
798.000000
703.000000
1000.000000
3601.000000
3069.000000
3252.000000
2993.000000
1010.000000
263.000000
1087.000000
3383.000000
2138.000000
3128.000000
2681.000000
1992.000000
490.000000
1103.000000
221.000000
272.000000
2612.000000
3249.000000
3676.000000
449.000000
1265.000000
1129.000000
1683.000000
2049.000000
623.000000
379.000000
223.000000
1388.000000
3664.000000
1253.000000
1991.000000
1465.000000
234.000000
959.000000
2869.000000
3325.000000
2162.000000
3725.000000
2547.000000
3435.000000
316.000000
202.000000
1107.000000
2051.000000
817.000000
621.000000
1220.000000
3249.000000
3261.000000
4598.000000
4349.000000
5578.000000
875.000000
1367.000000
640.000000
1053.000000
427.000000
1247.000000
811.000000
3400.000000
2687.000000
524.000000
2216.000000
2694.000000
652.000000
1227.000000
2011.000000
590.000000
2092.000000
2062.000000
291.000000
230.000000
333.000000
714.000000
1417.000000
473.000000
675.000000
2273.000000
2247.000000
2751.000000
205.000000
2051.000000
1573.000000
382.000000
277.000000
930.000000
420.000000
787.000000
1359.000000
1487.000000
3691.000000
2544.000000
364.000000
330.000000
777.000000
1090.000000
917.000000
101.000000
494.000000
580.000000
970.000000
1419.000000
1213.000000
3201.000000
2815.000000
3513.000000
2961.000000
3341.000000
212.000000
1107.000000
1340.000000
233.000000
197.000000
713.000000
974.000000
1244.000000
2744.000000
1861.000000
209.000000
1123.000000
1423.000000
584.000000
1880.000000
856.000000
298.000000
944.000000
313.000000
332.000000
905.000000
1204.000000
1182.000000
1709.000000
3495.000000
2566.000000
3006.000000
8463.000000
1898.000000
1557.000000
695.000000
1184.000000
2698.000000
1484.000000
336.000000
260.000000
2628.000000
3016.000000
2784.000000
2095.000000
1739.000000
2051.000000
1171.000000
358.000000
975.000000
1854.000000
1707.000000
3130.000000
2625.000000
4340.000000
4353.000000
3325.000000
1097.000000
1142.000000
1538.000000
2420.000000
1347.000000
2494.000000
1880.000000
3392.000000
2172.000000
360.000000
594.000000
888.000000
1264.000000
2102.000000
764.000000
2695.000000
3248.000000
3653.000000
308.000000
1023.000000
566.000000
1548.000000
903.000000
1881.000000
3465.000000
2463.000000
297.000000
416.000000
703.000000
2134.000000
809.000000
668.000000
951.000000
416.000000
974.000000
1150.000000
1972.000000
899.000000
202.000000
387.000000
504.000000
754.000000
1860.000000
1184.000000
598.000000
1394.000000
928.000000
1635.000000
1064.000000
694.000000
308.000000
1551.000000
2581.000000
972.000000
615.000000
464.000000
1218.000000
2086.000000
2181.000000
1565.000000
673.000000
956.000000
410.000000
571.000000
1210.000000
322.000000
107.000000
3340.000000
2892.000000
4583.000000
3233.000000
2471.000000
3918.000000
190.000000
179.000000
401.000000
1636.000000
215.000000
1096.000000
165.000000
1320.000000
2821.000000
2035.000000
2031.000000
374.000000
761.000000
3426.000000
2993.000000
2199.000000
1335.000000
2358.000000
1698.000000
565.000000
2227.000000
957.000000
705.000000
540.000000
771.000000
1098.000000
221.000000
1085.000000
192.000000
451.000000
1366.000000
2129.000000
949.000000
1795.000000
194.000000
1351.000000
2781.000000
2724.000000
3962.000000
3102.000000
941.000000
2068.000000
2711.000000
1803.000000
645.000000
344.000000
1192.000000
1801.000000
2909.000000
2794.000000
2817.000000
637.000000
214.000000
543.000000
359.000000
1112.000000
3382.000000
2761.000000
3092.000000
278.000000
1377.000000
1031.000000
894.000000
2385.000000
2294.000000
711.000000
915.000000
209.000000
735.000000
266.000000
546.000000
233.000000
588.000000
182.000000
1003.000000
1178.000000
1143.000000
3338.000000
12590.000000
4115.000000
4014.000000
5064.000000
5954.000000
6203.000000
4149.000000
1143.000000
438.000000
1462.000000
1306.000000
197.000000
204.000000
278.000000
1561.000000
1734.000000
448.000000
460.000000
2180.000000
1662.000000
3613.000000
5827.000000
4889.000000
4233.000000
5456.000000
1323.000000
4641.000000
2314.000000
2882.000000
596.000000
1074.000000
1761.000000
1163.000000
1598.000000
2387.000000
978.000000
1558.000000
108.000000
369.000000
1673.000000
2228.000000
693.000000
513.000000
298.000000
982.000000
202.000000
1404.000000
191.000000
861.000000
1694.000000
2728.000000
453.000000
1054.000000
2296.000000
1327.000000
1224.000000
4054.000000
999.000000
460.000000
661.000000
1574.000000
2964.000000
3079.000000
3057.000000
4232.000000
2992.000000
1892.000000
2326.000000
2478.000000
2043.000000
3163.000000
2691.000000
3307.000000
3143.000000
1549.000000
273.000000
483.000000
483.000000
583.000000
3015.000000
2268.000000
215.000000
702.000000
203.000000
2753.000000
2807.000000
4211.000000
775.000000
444.000000
1031.000000
3043.000000
1643.000000
1215.000000
1626.000000
1010.000000
1627.000000
1804.000000
2619.000000
1397.000000
153.000000
1191.000000
2140.000000
812.000000
946.000000
1584.000000
779.000000
2859.000000
1793.000000
718.000000
627.000000
606.000000
1028.000000
149.000000
451.000000
200.000000
512.000000
211.000000
693.000000
319.000000
243.000000
1199.000000
185.000000
703.000000
609.000000
410.000000
893.000000
1586.000000
1181.000000
185.000000
572.000000
1124.000000
706.000000
1228.000000
2074.000000
3068.000000
3447.000000
3913.000000
3231.000000
1615.000000
350.000000
724.000000
134.000000
1170.000000
1829.000000
658.000000
468.000000
1312.000000
2257.000000
1617.000000
1772.000000
601.000000
682.000000
952.000000
1326.000000
1155.000000
1772.000000
449.000000
299.000000
1569.000000
1977.000000
773.000000
895.000000
1937.000000
849.000000
1240.000000
2922.000000
1693.000000
1958.000000
735.000000
1771.000000
717.000000
211.000000
976.000000
192.000000
522.000000
818.000000
221.000000
230.000000
332.000000
1753.000000
1166.000000
2218.000000
3525.000000
3566.000000
4908.000000
3597.000000
1600.000000
2182.000000
275.000000
1154.000000
1980.000000
247.000000
168.000000
810.000000
1984.000000
3710.000000
3332.000000
3695.000000
4056.000000
4927.000000
2950.000000
3216.000000
3081.000000
1090.000000
1250.000000
1600.000000
1277.000000
2346.000000
519.000000
936.000000
1261.000000
1326.000000
1138.000000
2475.000000
788.000000
664.000000
745.000000
1175.000000
548.000000
3232.000000
863.000000
1297.000000
3811.000000
2801.000000
3952.000000
1823.000000
300.000000
1177.000000
723.000000
266.000000
324.000000
209.000000
1310.000000
1809.000000
1412.000000
896.000000
392.000000
189.000000
2432.000000
2635.000000
2529.000000
3088.000000
2380.000000
197.000000
2166.000000
1920.000000
1217.000000
3177.000000
1387.000000
2505.000000
758.000000
528.000000
1412.000000
1506.000000
265.000000
947.000000
1454.000000
2237.000000
1274.000000
1081.000000
2353.000000
1285.000000
1327.000000
11457.000000
2528.000000
2561.000000
1277.000000
561.000000
1435.000000
2232.000000
1734.000000
1714.000000
4544.000000
3714.000000
3859.000000
3190.000000
2154.000000
3051.000000
2250.000000
3955.000000
1867.000000
3394.000000
1055.000000
480.000000
124.000000
820.000000
1821.000000
1889.000000
543.000000
718.000000
1667.000000
3423.000000
2201.000000
207.000000
1190.000000
437.000000
1392.000000
2269.000000
4423.000000
5259.000000
3521.000000
3318.000000
2230.000000
3422.000000
151.000000
1050.000000
851.000000
338.000000
850.000000
954.000000
1908.000000
3560.000000
4570.000000
2021.000000
814.000000
321.000000
167.000000
1488.000000
555.000000
207.000000
274.000000
388.000000
955.000000
1035.000000
332.000000
1240.000000
1817.000000
688.000000
1449.000000
3663.000000
2813.000000
3939.000000
838.000000
1252.000000
165.000000
679.000000
1437.000000
2207.000000
1667.000000
2178.000000
587.000000
1126.000000
770.000000
868.000000
1051.000000
1481.000000
1563.000000
2671.000000
1675.000000
3156.000000
1924.000000
113.000000
3113.000000
812.000000
338.000000
411.000000
909.000000
435.000000
473.000000
601.000000
1892.000000
3893.000000
2482.000000
794.000000
378.000000
1073.000000
3450.000000
3096.000000
3981.000000
3464.000000
1201.000000
274.000000
1519.000000
2874.000000
1571.000000
498.000000
231.000000
2049.000000
2658.000000
883.000000
897.000000
3473.000000
4580.000000
5146.000000
4137.000000
6119.000000
2315.000000
2202.000000
729.000000
6404.000000
2587.000000
2941.000000
3210.000000
3748.000000
2957.000000
2294.000000
663.000000
846.000000
362.000000
1103.000000
1373.000000
1399.000000
272.000000
830.000000
247.000000
3163.000000
4454.000000
4711.000000
6827.000000
6614.000000
4237.000000
3435.000000
3314.000000
5187.000000
4728.000000
228.000000
3020.000000
3586.000000
2459.000000
4315.000000
2529.000000
789.000000
3565.000000
4124.000000
4961.000000
4178.000000
2256.000000
1980.000000
365.000000
989.000000
1207.000000
2162.000000
2681.000000
1892.000000
985.000000
2812.000000
3565.000000
3387.000000
2168.000000
1904.000000
1759.000000
2241.000000
2448.000000
465.000000
183.000000
1013.000000
1507.000000
852.000000
754.000000
430.000000
1338.000000
2492.000000
1032.000000
207.000000
261.000000
2131.000000
862.000000
447.000000
1270.000000
1065.000000
1830.000000
827.000000
480.000000
191.000000
817.000000
848.000000
1035.000000
2117.000000
1946.000000
1725.000000
721.000000
1366.000000
1935.000000
1042.000000
871.000000
279.000000
177.000000
601.000000
187.000000
719.000000
2436.000000
3902.000000
2584.000000
3214.000000
3512.000000
3933.000000
2046.000000
3360.000000
1904.000000
223.000000
980.000000
197.000000
856.000000
631.000000
1240.000000
811.000000
2541.000000
2587.000000
865.000000
677.000000
148.000000
1216.000000
4306.000000
4497.000000
5554.000000
4484.000000
5023.000000
1479.000000
2095.000000
626.000000
768.000000
1229.000000
1883.000000
3270.000000
4013.000000
3612.000000
5030.000000
1538.000000
1176.000000
867.000000
1626.000000
3599.000000
2435.000000
1011.000000
3043.000000
2538.000000
3852.000000
3012.000000
4157.000000
3631.000000
1623.000000
3014.000000
2278.000000
1299.000000
2276.000000
3072.000000
822.000000
510.000000
1550.000000
3498.000000
2765.000000
3700.000000
3387.000000
2512.000000
4253.000000
4043.000000
4585.000000
584.000000
1825.000000
4359.000000
5221.000000
4571.000000
4517.000000
3663.000000
3374.000000
2916.000000
3588.000000
3332.000000
4531.000000
5322.000000
5372.000000
6112.000000
5894.000000
585.000000
771.000000
3351.000000
1392.000000
1554.000000
2858.000000
15950.000000
3110.000000
23054.000000
22231.000000
3715.000000
1919.000000
434.000000
1204.000000
259.000000
463.000000
1220.000000
718.000000
1373.000000
285.000000
1666.000000
1466.000000
729.000000
187.000000
1193.000000
1097.000000
3395.000000
2631.000000
2418.000000
996.000000
4134.000000
2304.000000
3068.000000
2901.000000
789.000000
1239.000000
The average waiting time  is :  2729.778000 
