4 , 16 59056.000000
65078.000000
71942.000000
82630.000000
87004.000000
111872.000000
95106.000000
19813.000000
6805.000000
2055.000000
6895.000000
6605.000000
10786.000000
7291.000000
19222.000000
14031.000000
8403.000000
8149.000000
1506.000000
15459.000000
865.000000
2826.000000
1981.000000
4458.000000
1900.000000
2145.000000
1291.000000
9639.000000
14284.000000
4063.000000
1411.000000
2497.000000
6938.000000
1611.000000
1885.000000
3518.000000
4654.000000
1375.000000
8983.000000
12368.000000
10157.000000
4579.000000
7023.000000
870.000000
4071.000000
2868.000000
8212.000000
8360.000000
1657.000000
2444.000000
7840.000000
15762.000000
30627.000000
35535.000000
39656.000000
34831.000000
38404.000000
40200.000000
7006.000000
2765.000000
7122.000000
8219.000000
1106.000000
2298.000000
12034.000000
9217.000000
13667.000000
23964.000000
31023.000000
29015.000000
34804.000000
28368.000000
31161.000000
4293.000000
3230.000000
1946.000000
2460.000000
6811.000000
4401.000000
6208.000000
744.000000
2346.000000
1937.000000
8659.000000
12183.000000
16917.000000
12207.000000
3895.000000
5137.000000
12405.000000
15887.000000
13316.000000
11804.000000
10260.000000
1093.000000
1763.000000
10961.000000
13057.000000
8930.000000
2257.000000
2930.000000
812.000000
2841.000000
5039.000000
6188.000000
5900.000000
5141.000000
3175.000000
1735.000000
3270.000000
698.000000
811.000000
3680.000000
6047.000000
2662.000000
3036.000000
3247.000000
2471.000000
8027.000000
10991.000000
24037.000000
23663.000000
23615.000000
27177.000000
30560.000000
24402.000000
2542.000000
4329.000000
2560.000000
6614.000000
9445.000000
6343.000000
3602.000000
8480.000000
787.000000
5040.000000
4901.000000
9270.000000
12873.000000
18088.000000
2267.000000
868.000000
1202.000000
2662.000000
8424.000000
9320.000000
8462.000000
8873.000000
14346.000000
6639.000000
1188.000000
2972.000000
3451.000000
5671.000000
4313.000000
15482.000000
10678.000000
1466.000000
3081.000000
1451.000000
1343.000000
5156.000000
11089.000000
5172.000000
3767.000000
1128.000000
5177.000000
10772.000000
11712.000000
14623.000000
10090.000000
3213.000000
3422.000000
4222.000000
3895.000000
9914.000000
5978.000000
1174.000000
5187.000000
6145.000000
2947.000000
1135.000000
6168.000000
7638.000000
2305.000000
3578.000000
15679.000000
13052.000000
1949.000000
1273.000000
3101.000000
6229.000000
16667.000000
4868.000000
14994.000000
5091.000000
835.000000
6146.000000
8924.000000
6343.000000
14438.000000
19207.000000
17371.000000
1974.000000
980.000000
17652.000000
6182.000000
7727.000000
31605.000000
3397.000000
1262.000000
8248.000000
9137.000000
2703.000000
9519.000000
10019.000000
13052.000000
3772.000000
14092.000000
12447.000000
19060.000000
11139.000000
13583.000000
10019.000000
2436.000000
10565.000000
2792.000000
13879.000000
8918.000000
11548.000000
6573.000000
18125.000000
12174.000000
19876.000000
23486.000000
21175.000000
23694.000000
12394.000000
4677.000000
10235.000000
2132.000000
2276.000000
1517.000000
17684.000000
27732.000000
3608.000000
4427.000000
9834.000000
11716.000000
18096.000000
9902.000000
1880.000000
735.000000
1543.000000
1659.000000
1211.000000
3274.000000
1942.000000
3521.000000
1750.000000
5125.000000
19678.000000
15703.000000
17909.000000
20671.000000
25459.000000
6412.000000
9475.000000
8710.000000
13066.000000
16456.000000
2727.000000
7972.000000
19264.000000
21627.000000
20949.000000
27812.000000
8431.000000
965.000000
2815.000000
3997.000000
2195.000000
822.000000
2094.000000
3424.000000
7294.000000
615.000000
5191.000000
12882.000000
10721.000000
884.000000
2154.000000
3148.000000
1075.000000
2772.000000
1667.000000
3045.000000
1092.000000
7822.000000
16274.000000
21339.000000
18981.000000
25789.000000
20506.000000
15289.000000
3404.000000
7234.000000
10738.000000
21034.000000
15912.000000
17574.000000
14864.000000
3394.000000
8014.000000
13346.000000
17097.000000
3380.000000
8066.000000
9489.000000
1184.000000
6127.000000
10893.000000
972.000000
6667.000000
7061.000000
5120.000000
1250.000000
5665.000000
3490.000000
10370.000000
16329.000000
6918.000000
14186.000000
93336.000000
1528.000000
7062.000000
11750.000000
1678.000000
2291.000000
2010.000000
5094.000000
8334.000000
3324.000000
3425.000000
2341.000000
6024.000000
3968.000000
7089.000000
2344.000000
2500.000000
8484.000000
2774.000000
6413.000000
13976.000000
18763.000000
14535.000000
1296.000000
4087.000000
4219.000000
6733.000000
13221.000000
9237.000000
2133.000000
6310.000000
10111.000000
14067.000000
5036.000000
9870.000000
1811.000000
1951.000000
3689.000000
7716.000000
8937.000000
8113.000000
1431.000000
1718.000000
662.000000
2959.000000
4335.000000
555.000000
4591.000000
9263.000000
8441.000000
3272.000000
2125.000000
4677.000000
6253.000000
12145.000000
8490.000000
12218.000000
631.000000
8826.000000
6225.000000
9555.000000
1181.000000
5167.000000
9332.000000
15394.000000
1927.000000
2044.000000
992.000000
2053.000000
2028.000000
1603.000000
1573.000000
139.000000
638.000000
2672.000000
3008.000000
3657.000000
5030.000000
4219.000000
2132.000000
609.000000
1462.000000
2120.000000
444.000000
912.000000
2042.000000
187.000000
804.000000
360.000000
6685.000000
3974.000000
4840.000000
3846.000000
585.000000
1040.000000
1551.000000
387.000000
280.000000
414.000000
1551.000000
4485.000000
3685.000000
4268.000000
5640.000000
2286.000000
2574.000000
2115.000000
2241.000000
3709.000000
954.000000
1728.000000
519.000000
838.000000
1581.000000
1517.000000
2247.000000
2450.000000
646.000000
1549.000000
505.000000
299.000000
960.000000
2354.000000
1187.000000
1255.000000
1882.000000
3757.000000
3389.000000
5382.000000
4799.000000
5273.000000
5327.000000
3919.000000
277.000000
807.000000
906.000000
3852.000000
4610.000000
5158.000000
3697.000000
4954.000000
7679.000000
2235.000000
2245.000000
492.000000
1898.000000
2783.000000
3016.000000
838.000000
620.000000
1993.000000
2399.000000
487.000000
1933.000000
2099.000000
341.000000
1343.000000
3309.000000
4351.000000
3450.000000
1098.000000
2427.000000
230.000000
980.000000
1799.000000
830.000000
6567.000000
7102.000000
4916.000000
5876.000000
428.000000
1471.000000
2235.000000
357.000000
190.000000
690.000000
931.000000
1648.000000
1913.000000
285.000000
637.000000
991.000000
1304.000000
2276.000000
1439.000000
2589.000000
3023.000000
4126.000000
3497.000000
5207.000000
1618.000000
1779.000000
2207.000000
835.000000
1402.000000
1515.000000
1606.000000
385.000000
128.000000
269.000000
623.000000
941.000000
2503.000000
2256.000000
1578.000000
2595.000000
3376.000000
1725.000000
3433.000000
2687.000000
5127.000000
4864.000000
5326.000000
4555.000000
5540.000000
1601.000000
620.000000
260.000000
842.000000
1033.000000
1704.000000
1839.000000
701.000000
1618.000000
2239.000000
3759.000000
3981.000000
4561.000000
6119.000000
5977.000000
7643.000000
2423.000000
2284.000000
1112.000000
1401.000000
1517.000000
2038.000000
498.000000
1606.000000
3537.000000
2907.000000
3440.000000
586.000000
683.000000
1812.000000
5011.000000
6002.000000
6357.000000
5844.000000
3869.000000
4384.000000
5840.000000
5282.000000
6428.000000
5971.000000
5016.000000
4041.000000
3392.000000
283.000000
524.000000
566.000000
1156.000000
1454.000000
1033.000000
544.000000
871.000000
1038.000000
3478.000000
2685.000000
2965.000000
3667.000000
1875.000000
1434.000000
3623.000000
4950.000000
4507.000000
1814.000000
911.000000
1200.000000
3366.000000
1996.000000
2091.000000
1448.000000
495.000000
477.000000
484.000000
759.000000
1691.000000
228.000000
871.000000
839.000000
630.000000
1325.000000
167.000000
604.000000
1870.000000
515.000000
604.000000
1296.000000
3357.000000
2439.000000
2812.000000
1087.000000
2168.000000
1175.000000
1188.000000
4818.000000
3964.000000
5536.000000
5942.000000
6271.000000
4574.000000
650.000000
871.000000
1948.000000
1190.000000
2835.000000
1546.000000
757.000000
239.000000
202.000000
833.000000
1048.000000
2584.000000
170.000000
2426.000000
3359.000000
3745.000000
567.000000
347.000000
255.000000
1238.000000
168.000000
674.000000
685.000000
1278.000000
704.000000
1704.000000
1979.000000
215.000000
1278.000000
2063.000000
723.000000
1902.000000
2547.000000
3979.000000
548.000000
2177.000000
5302.000000
4729.000000
5030.000000
5693.000000
6183.000000
4980.000000
6337.000000
3423.000000
3875.000000
1448.000000
2542.000000
1591.000000
1244.000000
2143.000000
558.000000
259.000000
1022.000000
271.000000
952.000000
299.000000
1717.000000
4637.000000
4993.000000
4110.000000
5600.000000
1045.000000
2404.000000
2016.000000
1699.000000
3570.000000
2683.000000
4672.000000
2728.000000
2911.000000
423.000000
657.000000
598.000000
1980.000000
2413.000000
3373.000000
852.000000
895.000000
775.000000
1697.000000
4259.000000
5189.000000
4802.000000
5564.000000
6143.000000
6451.000000
2474.000000
355.000000
926.000000
618.000000
3160.000000
3569.000000
2872.000000
916.000000
688.000000
1337.000000
1431.000000
3031.000000
2075.000000
3279.000000
1695.000000
1112.000000
1798.000000
2443.000000
4061.000000
994.000000
1419.000000
431.000000
626.000000
362.000000
353.000000
896.000000
1270.000000
2453.000000
299.000000
511.000000
958.000000
803.000000
732.000000
2452.000000
2012.000000
2776.000000
2564.000000
408.000000
962.000000
319.000000
513.000000
211.000000
1195.000000
1731.000000
910.000000
506.000000
1503.000000
2123.000000
2127.000000
2690.000000
3233.000000
1420.000000
3758.000000
2289.000000
832.000000
635.000000
2495.000000
1309.000000
1463.000000
263.000000
2008.000000
2476.000000
2700.000000
842.000000
2269.000000
1019.000000
403.000000
4303.000000
5237.000000
5732.000000
5935.000000
7330.000000
7913.000000
5996.000000
6555.000000
5629.000000
835.000000
2222.000000
1949.000000
2556.000000
3016.000000
1037.000000
351.000000
1881.000000
2414.000000
1274.000000
1014.000000
1091.000000
800.000000
690.000000
159.000000
686.000000
1216.000000
1819.000000
1819.000000
3659.000000
6283.000000
6222.000000
7099.000000
6233.000000
6463.000000
440.000000
699.000000
1502.000000
2989.000000
1407.000000
2600.000000
4119.000000
5034.000000
5560.000000
5553.000000
2819.000000
3850.000000
1234.000000
11810.000000
3046.000000
554.000000
773.000000
1446.000000
873.000000
207.000000
839.000000
1689.000000
2279.000000
300.000000
169.000000
202.000000
529.000000
353.000000
222.000000
716.000000
1107.000000
946.000000
1659.000000
220.000000
1443.000000
2090.000000
399.000000
2452.000000
2564.000000
3778.000000
3359.000000
3253.000000
4926.000000
1733.000000
908.000000
641.000000
1774.000000
4243.000000
2784.000000
3300.000000
210.000000
847.000000
2280.000000
2997.000000
4031.000000
468.000000
260.000000
5416.000000
2268.000000
1365.000000
662.000000
1772.000000
2475.000000
5504.000000
6226.000000
6405.000000
6163.000000
6798.000000
1693.000000
2151.000000
369.000000
309.000000
3844.000000
3710.000000
759.000000
1119.000000
3750.000000
2718.000000
3685.000000
1639.000000
596.000000
527.000000
744.000000
332.000000
331.000000
729.000000
516.000000
2053.000000
2030.000000
398.000000
1400.000000
583.000000
681.000000
574.000000
1115.000000
1726.000000
4271.000000
3047.000000
3971.000000
209.000000
1109.000000
988.000000
1167.000000
2590.000000
1599.000000
314.000000
244.000000
386.000000
823.000000
221.000000
784.000000
2317.000000
6031.000000
3854.000000
5015.000000
5228.000000
6102.000000
638.000000
283.000000
1827.000000
4753.000000
6221.000000
7082.000000
5968.000000
6210.000000
6558.000000
6314.000000
1983.000000
1101.000000
178.000000
624.000000
2732.000000
3408.000000
4512.000000
4978.000000
2320.000000
174.000000
1562.000000
2563.000000
271.000000
479075.000000
479838.000000
889.000000
1709.000000
4200.000000
1216.000000
277.000000
646.000000
693.000000
683.000000
1018.000000
781.000000
1835.000000
1020.000000
1821.000000
21208.000000
1030.000000
232.000000
17391.000000
4300.000000
6105.000000
3660.000000
3094.000000
5085.000000
4628.000000
942.000000
2428.000000
4299.000000
5148.000000
3611.000000
5344.000000
6923.000000
6347.000000
6733.000000
563.000000
628.000000
1976.000000
4121.000000
3757.000000
3554.000000
3100.000000
2156.000000
1092.000000
2114.000000
1072.000000
715.000000
769.000000
724.000000
601.000000
767.000000
850.000000
889.000000
1313.000000
2287.000000
954.000000
4086.000000
2155.000000
3240.000000
421.000000
233.000000
1006.000000
830.000000
889.000000
717.000000
1184.000000
1876.000000
606.000000
250.000000
2101.000000
1955.000000
556.000000
1651.000000
3112.000000
2855.000000
1758.000000
2497.000000
1068.000000
1491.000000
2445.000000
1888.000000
332.000000
215.000000
482.000000
890.000000
309.000000
365.000000
1722.000000
3867.000000
1094.000000
757.000000
651.000000
1519.000000
881.000000
1407.000000
245.000000
833.000000
252.000000
857.000000
817.000000
1737.000000
491.000000
975.000000
2466.000000
622.000000
254.000000
1993.000000
8478.000000
9997.000000
4834.000000
2935.000000
1322.000000
779.000000
2243.000000
556.000000
5618.000000
3335.000000
2585.000000
768.000000
606.000000
1515.000000
2175.000000
471.000000
194.000000
747.000000
65.000000
1357.000000
172.000000
626.000000
1754.000000
3836.000000
4444.000000
5215.000000
4008.000000
4376.000000
199.000000
1875.000000
3758.000000
5685.000000
4406.000000
3461.000000
2496.000000
3732.000000
4212.000000
832.000000
2647.000000
2741.000000
1230.000000
1332.000000
783.000000
2119.000000
3311.000000
2382.000000
211.000000
240.000000
1096.000000
471.000000
297.000000
1040.000000
1667.000000
841.000000
134.000000
283.000000
1117.000000
387.000000
215.000000
612.000000
2087.000000
418.000000
736.000000
3902.000000
4248.000000
5509.000000
5548.000000
6473.000000
5455.000000
1448.000000
641.000000
149.000000
783.000000
1023.000000
948.000000
2021.000000
2932.000000
3236.000000
4004.000000
2006.000000
219.000000
646.000000
693.000000
800.000000
2068.000000
2453.000000
2321.000000
1256.000000
1023.000000
662.000000
4097.000000
4235.000000
4826.000000
5710.000000
4164.000000
2716.000000
2911.000000
1892.000000
556.000000
782.000000
594.000000
1211.000000
1688.000000
2264.000000
309.000000
148.000000
385.000000
551.000000
447.000000
2916.000000
3102.000000
2659.000000
1415.000000
788.000000
356.000000
1487.000000
2141.000000
2362.000000
959.000000
1415.000000
2111.000000
477.000000
921.000000
1268.000000
828.000000
3680.000000
2594.000000
3389.000000
1241.000000
710.000000
3260.000000
3199.000000
608.000000
1421.000000
654.000000
828.000000
360.000000
1206.000000
1783.000000
1154.000000
2483.000000
4728.000000
4601.000000
4247.000000
5314.000000
6262.000000
1519.000000
459.000000
260.000000
977.000000
2161.000000
291.000000
472.000000
480.000000
367.000000
1183.000000
786.000000
1563.000000
3029.000000
3071.000000
3998.000000
2975.000000
568.000000
1398.000000
940.000000
1534.000000
2844.000000
3533.000000
4005.000000
410.000000
434.000000
1133.000000
1539.000000
2244.000000
157.000000
1066.000000
2921.000000
1767.000000
1064.000000
186.000000
772.000000
201.000000
326.000000
974.000000
131.000000
1216.000000
3151.000000
2303.000000
4381.000000
3899.000000
2885.000000
2677.000000
3208.000000
2931.000000
2823.000000
5891.000000
1164.000000
787.000000
987.000000
1026.000000
528.000000
328.000000
657.000000
1600.000000
2293.000000
194.000000
847.000000
242.000000
901.000000
1296.000000
2207.000000
480.000000
1419.000000
844.000000
324.000000
937.000000
1662.000000
863.000000
1436.000000
2011.000000
2442.000000
1768.000000
3876.000000
2604.000000
2956.000000
712.000000
447.000000
2085.000000
877.000000
455.000000
1061.000000
362.000000
908.000000
1260.000000
813.000000
3935.000000
3094.000000
4071.000000
2253.000000
740.000000
917.000000
309.000000
458.000000
149.000000
866.000000
815.000000
1138.000000
1522.000000
139.000000
1118.000000
4275.000000
2284.000000
3475.000000
964.000000
505.000000
1600.000000
2925.000000
325.000000
320.000000
316.000000
190.000000
312.000000
754.000000
222.000000
2826.000000
2681.000000
2703.000000
340.000000
834.000000
139.000000
283.000000
5393.000000
5925.000000
6144.000000
5632.000000
1659.000000
862.000000
2095.000000
2743.000000
4124.000000
3295.000000
4425.000000
2034.000000
258.000000
394.000000
821.000000
1649.000000
1410.000000
3453.000000
1750.000000
478.000000
672.000000
1066.000000
1210.000000
1050.000000
1901.000000
646.000000
533.000000
1500.000000
727.000000
839.000000
2852.000000
1315.000000
216.000000
701.000000
1778.000000
4169.000000
3157.000000
4724.000000
2250.000000
2492.000000
3612.000000
5283.000000
5129.000000
4074.000000
5035.000000
7499.000000
2752.000000
1132.000000
2456.000000
2380.000000
2763.000000
1479.000000
2190.000000
384.000000
664.000000
883.000000
5184.000000
7466.000000
8240.000000
7835.000000
7819.000000
2072.000000
2801.000000
3529.000000
3808.000000
4591.000000
4740.000000
2719.000000
773.000000
692.000000
812.000000
811.000000
1323.000000
2294.000000
1391.000000
176.000000
1582.000000
1078.000000
106.000000
658.000000
2324.000000
4438.000000
3427.000000
4293.000000
4679.000000
4780.000000
2658.000000
224.000000
1665.000000
1108.000000
280.000000
608.000000
718.000000
1846.000000
2862.000000
1452.000000
2914.000000
2491.000000
2370.000000
2506.000000
457.000000
1049.000000
1769.000000
1759.000000
929.000000
1936.000000
3731.000000
4605.000000
3720.000000
3645.000000
1176.000000
2136.000000
1504.000000
1090.000000
1676.000000
2876.000000
282.000000
1487.000000
915.000000
266.000000
979.000000
694.000000
734.000000
943.000000
2584.000000
3388.000000
10903.000000
11524.000000
7251.000000
4397.000000
1704.000000
3259.000000
1465.000000
2211.000000
273.000000
564.000000
534.000000
1983.000000
1411.000000
1230.000000
1694.000000
845.000000
1082.000000
1853.000000
907.000000
2725.000000
375.000000
2666.000000
5444.000000
2450.000000
447.000000
265.000000
794.000000
1822.000000
1350.000000
2033.000000
1984.000000
1782.000000
181.000000
700.000000
126.000000
2058.000000
2801.000000
2358.000000
2954.000000
1869.000000
333.000000
1288.000000
2063.000000
712.000000
927.000000
1792.000000
993.000000
2446.000000
2763.000000
3084.000000
2017.000000
3299.000000
1634.000000
439.000000
320.000000
221.000000
1730.000000
273.000000
3359.000000
5803.000000
7559.000000
7721.000000
4134.000000
833.000000
263.000000
1132.000000
500.000000
492.000000
658.000000
706.000000
1327.000000
1033.000000
873.000000
712.000000
715.000000
2345.000000
725.000000
598.000000
544.000000
1042.000000
812.000000
1659.000000
881.000000
1734.000000
1772.000000
824.000000
785.000000
1235.000000
345.000000
3629.000000
5305.000000
5437.000000
7845.000000
6897.000000
4221.000000
4268.000000
212.000000
1172.000000
819.000000
1354.000000
1553.000000
7777.000000
2320.000000
6156.000000
4396.000000
4449.000000
3082.000000
1272.000000
576.000000
537.000000
237.000000
582.000000
905.000000
738.000000
1794.000000
3625.000000
3168.000000
3527.000000
3270.000000
890.000000
908.000000
1825.000000
764.000000
1196.000000
532.000000
1846.000000
4250.000000
4109.000000
4601.000000
4061.000000
5139.000000
2142.000000
3772.000000
2994.000000
1479.000000
685.000000
559.000000
184.000000
381.000000
1676.000000
1931.000000
1267.000000
2255.000000
923.000000
1268.000000
153.000000
1404.000000
2091.000000
793.000000
3264.000000
5024.000000
1164.000000
1564.000000
3334.000000
3585.000000
4246.000000
6375.000000
5754.000000
4175.000000
1124.000000
2525.000000
1988.000000
637.000000
169.000000
532.000000
1314.000000
2077.000000
353.000000
197.000000
753.000000
1006.000000
2082.000000
2670.000000
115.000000
565.000000
233.000000
1284.000000
4348.000000
6839.000000
3393.000000
3915.000000
4259.000000
4521.000000
5127.000000
4795.000000
2025.000000
315.000000
439.000000
527.000000
1893.000000
3092.000000
446.000000
1504.000000
1281.000000
477.000000
295.000000
365.000000
1428.000000
4503.000000
2449.000000
4625.000000
2310.000000
245.000000
2175.000000
3646.000000
4229.000000
4413.000000
5792.000000
393.000000
1040.000000
183.000000
851.000000
302.000000
357.000000
180.000000
940.000000
1176.000000
788.000000
172.000000
461.000000
719.000000
475.000000
2018.000000
3159.000000
2891.000000
4358.000000
2755.000000
629.000000
754.000000
327.000000
755.000000
757.000000
492.000000
2232.000000
3057.000000
2352.000000
167.000000
964.000000
2846.000000
2120.000000
816.000000
553.000000
1779.000000
462.000000
432.000000
5574.000000
5090.000000
6206.000000
7417.000000
7832.000000
3742.000000
1833.000000
960.000000
309.000000
1090.000000
731.000000
1605.000000
3633.000000
4612.000000
3825.000000
220.000000
1208.000000
773.000000
2440.000000
1993.000000
686.000000
1199.000000
3586.000000
3123.000000
877.000000
899.000000
743.000000
1067.000000
3942.000000
3634.000000
4883.000000
6236.000000
552.000000
285.000000
722.000000
1489.000000
1656.000000
300.000000
370.000000
1640.000000
2428.000000
1441.000000
2453.000000
2546.000000
2491.000000
172.000000
3977.000000
2927.000000
399.000000
2187.000000
2692.000000
3350.000000
3157.000000
1924.000000
674.000000
462.000000
241.000000
834.000000
872.000000
927.000000
402.000000
1875.000000
1768.000000
1100.000000
261.000000
916.000000
5274.000000
5822.000000
7197.000000
6876.000000
6754.000000
7313.000000
5882.000000
3826.000000
1176.000000
1420.000000
1128.000000
1197.000000
1336.000000
747.000000
470.000000
1194.000000
1008.000000
1404.000000
2773.000000
1654.000000
1220.000000
2384.000000
1868.000000
3118.000000
4523.000000
4415.000000
2846.000000
1148.000000
1467.000000
3996.000000
3046.000000
4416.000000
197.000000
183.000000
844.000000
1887.000000
2528.000000
3096.000000
611.000000
785.000000
176.000000
342.000000
1087.000000
1617.000000
312.000000
933.000000
1065.000000
3931.000000
3633.000000
3130.000000
7043.000000
1841.000000
1441.000000
286.000000
1022.000000
2118.000000
1252.000000
2116.000000
444.000000
570.000000
1113.000000
1762.000000
1646.000000
2141.000000
1979.000000
920.000000
702.000000
355.000000
253.000000
862.000000
328.000000
218.000000
1747.000000
1960.000000
402.000000
673.000000
1379.000000
1970.000000
349.000000
1033.000000
722.000000
411.000000
192.000000
1342.000000
1569.000000
393.000000
1106.000000
1864.000000
255.000000
626.000000
535.000000
170.000000
903.000000
1874.000000
214.000000
509.000000
1085.000000
1455.000000
1189.000000
2224.000000
1154.000000
455.000000
753.000000
1209.000000
3783.000000
4107.000000
4858.000000
5555.000000
5413.000000
1735.000000
1311.000000
1075.000000
3233.000000
2580.000000
3484.000000
288.000000
402.000000
3072.000000
3535.000000
4565.000000
5510.000000
3914.000000
2929.000000
3383.000000
869.000000
566.000000
562.000000
573.000000
1091.000000
1653.000000
1838.000000
3321.000000
2533.000000
3489.000000
4124.000000
4340.000000
4937.000000
1121.000000
2658.000000
455.000000
725.000000
748.000000
445.000000
373.000000
525.000000
341.000000
575.000000
205.000000
697.000000
2364.000000
662.000000
1586.000000
2462.000000
3087.000000
243.000000
673.000000
1100.000000
1590.000000
623.000000
722.000000
150.000000
382.000000
831.000000
1935.000000
1980.000000
2208.000000
891.000000
269.000000
827.000000
449.000000
178.000000
634.000000
965.000000
1427.000000
4446.000000
4941.000000
4252.000000
6006.000000
3937.000000
827.000000
189.000000
255.000000
1788.000000
2237.000000
2971.000000
3577.000000
4889.000000
4043.000000
837.000000
732.000000
321.000000
490.000000
369.000000
1796.000000
500.000000
557.000000
963.000000
1845.000000
1441.000000
643.000000
1004.000000
2204.000000
703.000000
733.000000
1010.000000
1714.000000
441.000000
4084.000000
6609.000000
5705.000000
6767.000000
5552.000000
6549.000000
4057.000000
2269.000000
3263.000000
4163.000000
1913.000000
1197.000000
1017.000000
293.000000
1615.000000
1926.000000
567.000000
796.000000
237.000000
1244.000000
1832.000000
3248.000000
3649.000000
2987.000000
131.000000
233.000000
281.000000
1621.000000
3866.000000
3818.000000
4441.000000
3280.000000
11038.000000
3067.000000
2085.000000
639.000000
825.000000
1981.000000
422.000000
170.000000
235.000000
726.000000
1077.000000
2903.000000
1034.000000
1433.000000
325.000000
357.000000
1026.000000
365.000000
416.000000
1743.000000
1425.000000
338.000000
2129.000000
4588.000000
4786.000000
4169.000000
4329.000000
3101.000000
4618.000000
1615.000000
403.000000
829.000000
380.000000
961.000000
287.000000
381.000000
1089.000000
2364.000000
230.000000
730.000000
617.000000
236.000000
3856.000000
4802.000000
4667.000000
6456.000000
6630.000000
4064.000000
5550.000000
3999.000000
5298.000000
4473.000000
482.000000
874.000000
2165.000000
2125.000000
1708.000000
467.000000
1770.000000
2528.000000
3304.000000
1135.000000
906.000000
968.000000
1674.000000
691.000000
471.000000
1448.000000
3184.000000
1281.000000
1680.000000
93.000000
837.000000
2222.000000
4263.000000
3191.000000
2106.000000
520.000000
674.000000
972.000000
3063.000000
2935.000000
1266.000000
1319.000000
2231.000000
966.000000
1638.000000
2740.000000
3471.000000
627.000000
1130.000000
1512.000000
316.000000
1334.000000
227.000000
913.000000
474.000000
872.000000
1789.000000
2984.000000
2330.000000
3093.000000
536.000000
1006.000000
195.000000
1255.000000
2625.000000
2497.000000
1418.000000
2032.000000
3177.000000
655.000000
380.000000
1030.000000
534.000000
640.000000
359.000000
659.000000
357.000000
2201.000000
2857.000000
1300.000000
1349.000000
2161.000000
1676.000000
765.000000
1311.000000
2416.000000
1659.000000
741.000000
1979.000000
1896.000000
350.000000
756.000000
1732.000000
1973.000000
539.000000
1960.000000
3266.000000
4397.000000
4672.000000
5878.000000
5094.000000
443.000000
1055.000000
3678.000000
2575.000000
4270.000000
4977.000000
2391.000000
596.000000
539.000000
484.000000
1279.000000
2413.000000
762.000000
77.000000
1571.000000
2428.000000
653.000000
1028.000000
1443.000000
1245.000000
7576.000000
1054.000000
876.000000
1113.000000
1889.000000
763.000000
1758.000000
2948.000000
1809.000000
710.000000
583.000000
383.000000
1428.000000
7103.000000
3112.000000
4258.000000
3673.000000
4025.000000
407.000000
714.000000
1277.000000
3541.000000
790.000000
972.000000
481.000000
566.000000
546.000000
943.000000
1659.000000
5260.000000
4397.000000
1106.000000
1909.000000
1712.000000
1847.000000
3232.000000
1526.000000
676.000000
208.000000
314.000000
701.000000
154.000000
1031.000000
513.000000
1754.000000
1885.000000
239.000000
1337.000000
3022.000000
2038.000000
1038.000000
1454.000000
725.000000
416.000000
1395.000000
2556.000000
1042.000000
610.000000
1491.000000
3788.000000
4595.000000
3588.000000
843.000000
221.000000
905.000000
1627.000000
125.000000
433.000000
368.000000
5656.000000
4155.000000
4308.000000
10754.000000
12630.000000
5385.000000
3933.000000
650.000000
236.000000
3432.000000
3772.000000
3932.000000
4258.000000
1110.000000
1837.000000
1107.000000
1979.000000
787.000000
454.000000
870.000000
2851.000000
1399.000000
476.000000
1089.000000
1881.000000
308.000000
1226.000000
165.000000
201.000000
752.000000
996.000000
852.000000
2090.000000
192.000000
249.000000
194.000000
589.000000
1021.000000
258.000000
679.000000
626.000000
329.000000
863.000000
611.000000
318.000000
1133.000000
1334.000000
2295.000000
975.000000
1550.000000
223.000000
508.000000
1915.000000
1373.000000
1699.000000
724.000000
723.000000
1946.000000
1826.000000
4443.000000
6593.000000
6907.000000
6705.000000
7859.000000
7731.000000
9003.000000
8677.000000
6165.000000
5605.000000
414.000000
484.000000
1310.000000
2340.000000
1110.000000
2078.000000
497.000000
826.000000
749.000000
535.000000
2443.000000
2354.000000
939.000000
358.000000
1498.000000
2282.000000
401.000000
1100.000000
5571.000000
3509.000000
3939.000000
4531.000000
233.000000
895.000000
1219.000000
4554.000000
3582.000000
4964.000000
4703.000000
3675.000000
935.000000
1093.000000
1739.000000
2549.000000
3472.000000
4327.000000
472.000000
1406.000000
2372.000000
2465.000000
1750.000000
395.000000
2356.000000
3005.000000
3052.000000
1281.000000
833.000000
774.000000
470.000000
1117.000000
2293.000000
1173.000000
4370.000000
5464.000000
5252.000000
5293.000000
6270.000000
614.000000
372.000000
670.000000
178.000000
528.000000
319.000000
1370.000000
3256.000000
3083.000000
4137.000000
2105.000000
3756.000000
1406.000000
2391.000000
3807.000000
1978.000000
3573.000000
2439.000000
360.000000
745.000000
855.000000
1651.000000
1537.000000
2955.000000
2182.000000
1535.000000
1052.000000
1413.000000
2346.000000
283.000000
345.000000
549.000000
1214.000000
1545.000000
1398.000000
2385.000000
680.000000
2295.000000
4065.000000
4008.000000
1031.000000
521.000000
946.000000
2388.000000
2161.000000
5019.000000
3934.000000
5490.000000
5581.000000
5192.000000
1669.000000
810.000000
283.000000
1104.000000
1269.000000
1633.000000
1055.000000
894.000000
1188.000000
1526.000000
3589.000000
1980.000000
2321.000000
484.000000
848.000000
1195.000000
2834.000000
656.000000
1305.000000
969.000000
796.000000
298.000000
803.000000
1059.000000
1019.000000
835.000000
2360.000000
542.000000
167.000000
134.000000
136.000000
847.000000
378.000000
1037.000000
535.000000
440.000000
1810.000000
2561.000000
138.000000
1937.000000
2725.000000
3109.000000
2889.000000
1072.000000
1787.000000
187.000000
922.000000
2083.000000
1279.000000
558.000000
163.000000
396.000000
488.000000
828.000000
548.000000
1247.000000
2555.000000
3952.000000
3027.000000
2362.000000
1797.000000
2665.000000
192.000000
3273.000000
2611.000000
4309.000000
3379.000000
4117.000000
3495.000000
4081.000000
1786.000000
2904.000000
3999.000000
9302.000000
8043.000000
180.000000
625.000000
678.000000
1057.000000
270.000000
596.000000
500.000000
780.000000
2560.000000
2702.000000
4621.000000
2755.000000
2837.000000
1347.000000
512.000000
127.000000
908.000000
1567.000000
710.000000
994.000000
1840.000000
617.000000
780.000000
121.000000
303.000000
1111.000000
1615.000000
1859.000000
3584.000000
3132.000000
2031.000000
1043.000000
278.000000
1439.000000
2761.000000
1692.000000
1016.000000
2648.000000
2049.000000
807.000000
2199.000000
3584.000000
5165.000000
5321.000000
5869.000000
3497.000000
1023.000000
2654.000000
2107.000000
800.000000
854.000000
1570.000000
1452.000000
1645.000000
3035.000000
7578.000000
133.000000
952.000000
1790.000000
1955.000000
370.000000
1574.000000
1182.000000
4614.000000
5042.000000
7599.000000
8066.000000
7490.000000
8500.000000
7758.000000
8079.000000
8683.000000
810.000000
744.000000
1512.000000
449.000000
601.000000
980.000000
322.000000
579.000000
1404.000000
8156.000000
3242.000000
4258.000000
5056.000000
3463.000000
2342.000000
3084.000000
2338.000000
1844.000000
2678.000000
3408.000000
189.000000
726.000000
880.000000
556.000000
1052.000000
1568.000000
4104.000000
4639.000000
3507.000000
4942.000000
1437.000000
1129.000000
274.000000
882.000000
744.000000
3283.000000
4108.000000
2065.000000
3403.000000
3239.000000
246.000000
794.000000
1342.000000
2446.000000
4508.000000
2486.000000
150.000000
237.000000
771.000000
403.000000
428.000000
2793.000000
3197.000000
3940.000000
2847.000000
709.000000
1755.000000
486.000000
1407.000000
2608.000000
4312.000000
1416.000000
994.000000
544.000000
3305.000000
2343.000000
2492.000000
2962.000000
2651.000000
3782.000000
4339.000000
168.000000
473.000000
870.000000
1112.000000
183.000000
1419.000000
3806.000000
3205.000000
4446.000000
4672.000000
775.000000
1083.000000
2762.000000
3266.000000
447.000000
1057.000000
1920.000000
415.000000
572.000000
716.000000
394.000000
1489.000000
1900.000000
1462.000000
842.000000
499.000000
396.000000
414.000000
606.000000
1038.000000
738.000000
514.000000
1496.000000
811.000000
1809.000000
783.000000
893.000000
2090.000000
849.000000
1629.000000
1095.000000
1587.000000
215.000000
249.000000
2616.000000
2377.000000
1619.000000
428.000000
1460.000000
4520.000000
3677.000000
4188.000000
1812.000000
150.000000
547.000000
2841.000000
3386.000000
3443.000000
4148.000000
1500.000000
1596.000000
3945.000000
2528.000000
3862.000000
1667.000000
688.000000
1479.000000
2610.000000
1452.000000
452.000000
298.000000
397.000000
2506.000000
3472.000000
4305.000000
3782.000000
2204.000000
309.000000
242.000000
1084.000000
489.000000
1570.000000
1767.000000
298.000000
216.000000
1412.000000
3054.000000
955.000000
704.000000
3084.000000
2203.000000
3328.000000
1449.000000
781.000000
1027.000000
217.000000
2329.000000
2994.000000
2506.000000
3554.000000
4747.000000
5007.000000
6530.000000
5820.000000
8303.000000
2838.000000
3642.000000
8102.000000
2735.000000
2933.000000
515.000000
754.000000
187.000000
444.000000
656.000000
948.000000
2268.000000
1831.000000
400.000000
2511.000000
2999.000000
3608.000000
1260.000000
1467.000000
1571.000000
3485.000000
2674.000000
4210.000000
2791.000000
3559.000000
895.000000
1043.000000
1751.000000
309.000000
574.000000
3149.000000
3179.000000
3335.000000
592.000000
1155.000000
1669.000000
1194.000000
12237.000000
2664.000000
3593.000000
4269.000000
4930.000000
6313.000000
5965.000000
5862.000000
882.000000
1851.000000
873.000000
2056.000000
1531.000000
2009.000000
721.000000
432.000000
1522.000000
3409.000000
2407.000000
3772.000000
2160.000000
2908.000000
1697.000000
191.000000
397.000000
248.000000
574.000000
920.000000
5930.000000
2919.000000
5760.000000
6284.000000
7235.000000
6347.000000
7085.000000
7216.000000
7276.000000
4694.000000
3326.000000
3715.000000
3736.000000
3415.000000
1245.000000
199.000000
467.000000
856.000000
654.000000
1694.000000
4010.000000
4167.000000
4606.000000
5594.000000
2949.000000
1177.000000
435.000000
968.000000
2125.000000
2727.000000
1899.000000
3124.000000
3207.000000
4205.000000
753.000000
1242.000000
2167.000000
1091.000000
2125.000000
1317.000000
830.000000
187.000000
308.000000
581.000000
3580.000000
4003.000000
4442.000000
4907.000000
1519.000000
3085.000000
3505.000000
1640.000000
2744.000000
1945.000000
1256.000000
1868.000000
900.000000
1148.000000
1645.000000
263.000000
837.000000
2038.000000
3873.000000
5054.000000
5804.000000
6559.000000
7698.000000
586.000000
1122.000000
1336.000000
3653.000000
1743.000000
3284.000000
1133.000000
2086.000000
2901.000000
571.000000
565.000000
1881.000000
513.000000
1614.000000
3232.000000
2849.000000
3552.000000
2681.000000
1096.000000
2465.000000
496.000000
789.000000
624.000000
2768.000000
807.000000
178.000000
1695.000000
1058.000000
962.000000
3045.000000
2314.000000
3591.000000
244.000000
735.000000
1382.000000
392.000000
1385.000000
307.000000
1494.000000
913.000000
690.000000
1134.000000
1035.000000
1987.000000
1310.000000
284.000000
2307.000000
3683.000000
4503.000000
4153.000000
305.000000
385.000000
1970.000000
3396.000000
3124.000000
2035.000000
700.000000
824.000000
1417.000000
218.000000
1083.000000
1338.000000
1891.000000
2955.000000
2152.000000
715.000000
503.000000
649.000000
1498.000000
1411.000000
1929.000000
2430.000000
1889.000000
1871.000000
641.000000
535.000000
198.000000
169.000000
795.000000
872.000000
1653.000000
2860.000000
1616.000000
3347.000000
5069.000000
494.000000
202.000000
2621.000000
4812.000000
2792.000000
1132.000000
171.000000
408.000000
212.000000
563.000000
1010.000000
127.000000
2446.000000
4196.000000
5270.000000
5754.000000
4380.000000
1233.000000
3480.000000
2625.000000
1789.000000
320.000000
662.000000
1512.000000
1769.000000
738.000000
1073.000000
885.000000
1508.000000
1423.000000
830.000000
437.000000
956.000000
2740.000000
1953.000000
2951.000000
1341.000000
2164.000000
311.000000
1727.000000
905.000000
445.000000
184.000000
2017.000000
4143.000000
2433.000000
4405.000000
5323.000000
949.000000
228.000000
1451.000000
2490.000000
408.000000
350.000000
2010.000000
1852.000000
265.000000
738.000000
641.000000
866.000000
1430.000000
2182.000000
3067.000000
534.000000
780.000000
1298.000000
1731.000000
1138.000000
3869.000000
3277.000000
4772.000000
5794.000000
3865.000000
1200.000000
259.000000
370.000000
969.000000
1407.000000
3015.000000
2719.000000
218.000000
1753.000000
2972.000000
3629.000000
885.000000
852.000000
1292.000000
796.000000
266.000000
1199.000000
146.000000
1426.000000
3675.000000
3233.000000
4322.000000
5082.000000
3854.000000
5582.000000
1700.000000
425.000000
932.000000
425.000000
1426.000000
842.000000
563.000000
1814.000000
2863.000000
4210.000000
5231.000000
4643.000000
1785.000000
2768.000000
758.000000
1219.000000
782.000000
737.000000
318.000000
504.000000
507.000000
3268.000000
4231.000000
3825.000000
4244.000000
1381.000000
4379.000000
3353.000000
3844.000000
4158.000000
1143.000000
150.000000
1370.000000
2407.000000
659.000000
1130.000000
5217.000000
6100.000000
4359.000000
3939.000000
3891.000000
1148.000000
436.000000
1175.000000
4085.000000
3044.000000
4344.000000
3095.000000
1057.000000
1594.000000
1708.000000
3656.000000
4836.000000
4663.000000
1077.000000
1802.000000
3126.000000
2368.000000
4255.000000
5505.000000
4221.000000
5061.000000
596.000000
427.000000
847.000000
1869.000000
626.000000
1068.000000
2196.000000
1595.000000
204.000000
2579.000000
11652.000000
11153.000000
2823.000000
522.000000
545.000000
599.000000
416.000000
275.000000
457.000000
372.000000
747.000000
1066.000000
1228.000000
3206.000000
2647.000000
2847.000000
854.000000
884.000000
1692.000000
987.000000
2084.000000
492.000000
227.000000
663.000000
1351.000000
1464.000000
333.000000
1207.000000
926.000000
1711.000000
4626.000000
5368.000000
5118.000000
5745.000000
7206.000000
8349.000000
6274.000000
5915.000000
6169.000000
6547.000000
618.000000
814.000000
1643.000000
778.000000
191.000000
245.000000
1414.000000
3020.000000
3081.000000
2140.000000
793.000000
1491.000000
5558.000000
6364.000000
7083.000000
7820.000000
8002.000000
5798.000000
4812.000000
6441.000000
1551.000000
1304.000000
1371.000000
200.000000
242.000000
470.000000
195.000000
2275.000000
3148.000000
1884.000000
3886.000000
4374.000000
4080.000000
4540.000000
464.000000
535.000000
749.000000
1664.000000
246.000000
796.000000
1276.000000
1137.000000
3099.000000
2276.000000
4226.000000
4017.000000
278.000000
483.000000
398.000000
973.000000
2776.000000
605.000000
1526.000000
1818.000000
705.000000
1035.000000
380.000000
1395.000000
1012.000000
1840.000000
1194.000000
452.000000
249.000000
607.000000
2030.000000
2032.000000
2248.000000
1463.000000
1516.000000
2635.000000
600.000000
647.000000
153.000000
999.000000
1631.000000
728.000000
1764.000000
1764.000000
187.000000
1787.000000
1028.000000
788.000000
1459.000000
2974.000000
6320.000000
7742.000000
7246.000000
7909.000000
8866.000000
9468.000000
7614.000000
8384.000000
7237.000000
1218.000000
389.000000
136.000000
623.000000
1414.000000
2218.000000
2028.000000
1905.000000
1451.000000
4203.000000
5086.000000
4869.000000
6958.000000
7733.000000
6015.000000
747.000000
2260.000000
3092.000000
3472.000000
194.000000
2070.000000
2474.000000
2130.000000
1671.000000
1613.000000
1578.000000
2558.000000
1608.000000
546.000000
1502.000000
1408.000000
4320.000000
3248.000000
4007.000000
5945.000000
1839.000000
849.000000
144.000000
2960.000000
3257.000000
3925.000000
629.000000
1051.000000
647.000000
1703.000000
1385.000000
2341.000000
1021.000000
811.000000
3607.000000
4357.000000
766.000000
944.000000
1355.000000
384.000000
893.000000
1727.000000
592.000000
3698.000000
6387.000000
6868.000000
7621.000000
4243.000000
673.000000
169.000000
111.000000
841.000000
1370.000000
445.000000
176.000000
2806.000000
4200.000000
4916.000000
3249.000000
252.000000
617.000000
2473.000000
3215.000000
4229.000000
4243.000000
5129.000000
237.000000
896.000000
250.000000
952.000000
216.000000
1174.000000
2976.000000
4720.000000
4554.000000
3606.000000
887.000000
332.000000
363.000000
272.000000
1624.000000
219.000000
965.000000
913.000000
902.000000
1276.000000
2013.000000
2008.000000
4324.000000
4842.000000
4258.000000
4599.000000
1141.000000
967.000000
187.000000
458.000000
1178.000000
2005.000000
3486.000000
2329.000000
3574.000000
5451.000000
2316.000000
1308.000000
3624.000000
2156.000000
1635.000000
598.000000
475.000000
459.000000
177.000000
171.000000
397.000000
219.000000
1057.000000
2328.000000
2405.000000
3027.000000
4531.000000
5161.000000
5774.000000
1419.000000
4065.000000
4220.000000
4741.000000
1412.000000
1719.000000
309.000000
938.000000
590.000000
164.000000
498.000000
525.000000
3248.000000
3326.000000
2490.000000
3541.000000
3067.000000
3815.000000
3557.000000
2413.000000
1943.000000
4067.000000
1845.000000
3285.000000
2210.000000
523.000000
245.000000
879.000000
4863.000000
2495.000000
1462.000000
303.000000
667.000000
759.000000
716.000000
1168.000000
4379.000000
6664.000000
7692.000000
8760.000000
8816.000000
7011.000000
8496.000000
9049.000000
3644.000000
804.000000
165.000000
699.000000
1342.000000
1907.000000
487.000000
1605.000000
2264.000000
2856.000000
1712.000000
145.000000
1899.000000
3589.000000
4321.000000
3368.000000
2261.000000
3430.000000
4893.000000
3486.000000
690.000000
1235.000000
3653.000000
2668.000000
3229.000000
1704.000000
1751.000000
2227.000000
1004.000000
2465.000000
1542.000000
267.000000
1324.000000
202.000000
1291.000000
2186.000000
1039.000000
1790.000000
17481.000000
18407.000000
2275.000000
3924.000000
1986.000000
1341.000000
872.000000
791.000000
3329.000000
3291.000000
4563.000000
5287.000000
3590.000000
1272.000000
2711.000000
567.000000
1215.000000
451.000000
866.000000
1647.000000
3745.000000
4214.000000
4554.000000
6046.000000
4950.000000
5832.000000
6603.000000
766.000000
2321.000000
3208.000000
4008.000000
1581.000000
1381.000000
510.000000
1125.000000
1682.000000
4336.000000
5645.000000
6603.000000
6451.000000
8438.000000
7659.000000
5226.000000
4855.000000
3472.000000
1252.000000
2133.000000
1482.000000
734.000000
1182.000000
2195.000000
917.000000
167.000000
3502.000000
5970.000000
6352.000000
7204.000000
7920.000000
8192.000000
10036.000000
5595.000000
2331.000000
531.000000
955.000000
1223.000000
1622.000000
265.000000
2431.000000
3268.000000
4498.000000
1928.000000
822.000000
1283.000000
3045.000000
2262.000000
3146.000000
1730.000000
2896.000000
3750.000000
5183.000000
4608.000000
971.000000
609.000000
3295.000000
4665.000000
4935.000000
3898.000000
3594.000000
2481.000000
1972.000000
2765.000000
3036.000000
1197.000000
776.000000
529.000000
1212.000000
4175.000000
3251.000000
4078.000000
1636.000000
695.000000
833.000000
1190.000000
1876.000000
2082.000000
653.000000
5129.000000
7345.000000
4766.000000
4884.000000
2600.000000
3803.000000
3417.000000
713.000000
1494.000000
259.000000
163.000000
137.000000
2798.000000
1489.000000
1575.000000
1839.000000
827.000000
780.000000
1030.000000
1163.000000
2385.000000
1540.000000
2543.000000
1940.000000
207.000000
578.000000
783.000000
631.000000
750.000000
1093.000000
1290.000000
1163.000000
2831.000000
2996.000000
2227.000000
2025.000000
2147.000000
492.000000
594.000000
1210.000000
1753.000000
149.000000
1991.000000
4324.000000
3914.000000
3305.000000
3733.000000
4836.000000
507.000000
338.000000
297.000000
603.000000
1034.000000
635.000000
1001.000000
2394.000000
1744.000000
1110.000000
753.000000
479.000000
874.000000
1583.000000
652.000000
741.000000
207.000000
535.000000
2205.000000
4440.000000
4758.000000
3549.000000
1904.000000
185.000000
872.000000
3053.000000
2910.000000
3268.000000
2370.000000
1658.000000
2105.000000
203.000000
362.000000
1849.000000
2423.000000
340.000000
634.000000
1077.000000
2536.000000
4725.000000
1260.000000
1372.000000
793.000000
855.000000
947.000000
1558.000000
2330.000000
856.000000
1367.000000
818.000000
563.000000
582.000000
647.000000
997.000000
1549.000000
1041.000000
1980.000000
858.000000
1081.000000
1455.000000
3117.000000
2474.000000
4681.000000
5374.000000
6589.000000
5389.000000
4715.000000
6949.000000
2358.000000
457.000000
102.000000
596.000000
586.000000
408.000000
193.000000
914.000000
468.000000
2004.000000
3712.000000
2503.000000
2706.000000
753.000000
917.000000
224.000000
469.000000
501.000000
756.000000
461.000000
159.000000
686.000000
286.000000
852.000000
2105.000000
756.000000
1099.000000
670.000000
685.000000
1257.000000
1539.000000
211.000000
606.000000
1314.000000
258.000000
888.000000
1467.000000
1559.000000
2594.000000
4561.000000
10227.000000
10209.000000
10050.000000
3076.000000
2445.000000
2047.000000
915.000000
1332.000000
1790.000000
2614.000000
626.000000
611.000000
1045.000000
1354.000000
1614.000000
2654.000000
1433.000000
259.000000
305.000000
452.000000
715.000000
542.000000
3637.000000
2423.000000
2981.000000
1962.000000
1493.000000
509.000000
500.000000
657.000000
1458.000000
2375.000000
1000.000000
242.000000
807.000000
1249.000000
2550.000000
2539.000000
1464.000000
1373.000000
934.000000
1854.000000
1493.000000
2121.000000
2345.000000
2872.000000
1831.000000
806.000000
969.000000
3000.000000
2726.000000
4174.000000
1181.000000
1494.000000
714.000000
1322.000000
1779.000000
270.000000
351.000000
784.000000
990.000000
671.000000
1597.000000
4174.000000
4362.000000
4276.000000
5261.000000
4697.000000
4107.000000
3955.000000
2206.000000
373.000000
157.000000
1131.000000
1401.000000
2895.000000
1882.000000
1068.000000
157.000000
605.000000
823.000000
1120.000000
1677.000000
2157.000000
3464.000000
4405.000000
5031.000000
1030.000000
2657.000000
754.000000
1742.000000
4296.000000
5064.000000
3801.000000
3454.000000
596.000000
205.000000
3337.000000
6300.000000
1035.000000
1499.000000
2380.000000
1500.000000
2372.000000
1493.000000
2781.000000
4115.000000
2167.000000
1132.000000
1012.000000
1842.000000
1620.000000
600.000000
1393.000000
2140.000000
1835.000000
752.000000
174.000000
3850.000000
4590.000000
3282.000000
3405.000000
3283.000000
3871.000000
970.000000
2007.000000
3284.000000
2749.000000
2788.000000
1460.000000
2263.000000
460.000000
1109.000000
1846.000000
3295.000000
2707.000000
1139.000000
855.000000
1122.000000
3301.000000
3979.000000
4628.000000
3507.000000
3659.000000
643.000000
1318.000000
2041.000000
2639.000000
525.000000
792.000000
898.000000
3879.000000
2662.000000
3023.000000
382.000000
1243.000000
1998.000000
2115.000000
665.000000
790.000000
584.000000
419.000000
382.000000
1439.000000
1315.000000
428.000000
223.000000
315.000000
727.000000
593.000000
1102.000000
1152.000000
1171.000000
1898.000000
1174.000000
433.000000
625.000000
789.000000
743.000000
784.000000
1479.000000
2688.000000
1200.000000
1739.000000
2456.000000
1476.000000
1128.000000
1987.000000
426.000000
1002.000000
1935.000000
1030.000000
1975.000000
2394.000000
1071.000000
4273.000000
5217.000000
862.000000
119.000000
1320.000000
1554.000000
2559.000000
1047.000000
3308.000000
2897.000000
3449.000000
2132.000000
684.000000
1566.000000
5075.000000
5010.000000
1351.000000
436.000000
1272.000000
587.000000
1208.000000
446.000000
1284.000000
378.000000
1536.000000
2913.000000
3104.000000
3519.000000
2614.000000
5064.000000
4554.000000
820.000000
1151.000000
400.000000
771.000000
1407.000000
3397.000000
4282.000000
3277.000000
2700.000000
3074.000000
2612.000000
2941.000000
3258.000000
5296.000000
3888.000000
1297.000000
3176.000000
2358.000000
The average waiting time  is :  3197.794500 
