2 , 1 27503.000000
43746.000000
102452.000000
142789.000000
159922.000000
162217.000000
172903.000000
181089.000000
184043.000000
186810.000000
207363.000000
213873.000000
246900.000000
258033.000000
261288.000000
272456.000000
275800.000000
284113.000000
287007.000000
290861.000000
301049.000000
303533.000000
311671.000000
314469.000000
318470.000000
328781.000000
331729.000000
297700.000000
290016.000000
294042.000000
304399.000000
306703.000000
315232.000000
348481.000000
353906.000000
357902.000000
369088.000000
407898.000000
418881.000000
430103.000000
432464.000000
440840.000000
478576.000000
492526.000000
503509.000000
519234.000000
529226.000000
567927.000000
596660.000000
612173.000000
617376.000000
624141.000000
635504.000000
638091.000000
646356.000000
659322.000000
669649.000000
680938.000000
683357.000000
705654.000000
716557.000000
727741.000000
730032.000000
735359.000000
770007.000000
773336.000000
762712.000000
776606.000000
788628.000000
791037.000000
799033.000000
814905.000000
824350.000000
836512.000000
846578.000000
843212.000000
840632.000000
846196.000000
857258.000000
859577.000000
867678.000000
878814.000000
881388.000000
889271.000000
902428.000000
919854.000000
930245.000000
932983.000000
940763.000000
953156.000000
962478.000000
975189.000000
1083065.000000
1091655.000000
1027767.000000
1026884.000000
1030262.000000
1029985.000000
1038122.000000
1053706.000000
1063679.000000
1074058.000000
1076572.000000
1084756.000000
1114453.000000
1118749.000000
1120561.000000
1131106.000000
1142742.000000
1145426.000000
1153650.000000
1188077.000000
1199479.000000
1202219.000000
1210540.000000
1241905.000000
1255550.000000
1263412.000000
1279228.000000
1291286.000000
1313444.000000
1322520.000000
1344216.000000
1355717.000000
1377194.000000
1388387.000000
1409880.000000
1421164.000000
1439967.000000
1314168.000000
1332976.000000
1344893.000000
1366514.000000
1375313.000000
1396865.000000
1405699.000000
1426144.000000
1433787.000000
1455020.000000
1466595.000000
1487900.000000
1499031.000000
1522514.000000
1532047.000000
1553534.000000
1565275.000000
1586964.000000
1596416.000000
1617995.000000
1627122.000000
1648421.000000
1660202.000000
1681847.000000
1691041.000000
1712643.000000
1724606.000000
1745958.000000
1757426.000000
1779043.000000
1787655.000000
1818646.000000
1824994.000000
1834915.000000
1856371.000000
1866124.000000
1887549.000000
1897218.000000
1918337.000000
1927762.000000
1948635.000000
1960094.000000
1981278.000000
1986160.000000
2005210.000000
2016401.000000
2031831.000000
2042143.000000
2057360.000000
2068442.000000
2083593.000000
2093649.000000
2114756.000000
2127099.000000
2145620.000000
2155307.000000
2169504.000000
2180319.000000
2202045.000000
2210920.000000
2226164.000000
2237122.000000
2258367.000000
2270092.000000
2291223.000000
2300742.000000
2321904.000000
2333791.000000
2348913.000000
2359459.000000
2380541.000000
2391509.000000
2413029.000000
2424691.000000
2446129.000000
2455604.000000
2470499.000000
2481990.000000
2501291.000000
2510457.000000
2488410.000000
2497744.000000
2518719.000000
2528024.000000
2543038.000000
2533797.000000
2554745.000000
2566540.000000
2587791.000000
2599266.000000
2620511.000000
2631376.000000
2646505.000000
2649168.000000
2670212.000000
2682050.000000
2693837.000000
2684196.000000
2703272.000000
2715030.000000
2735765.000000
2747086.000000
2768179.000000
2778696.000000
2799881.000000
2789848.000000
2808601.000000
2820522.000000
2835506.000000
2846848.000000
2868296.000000
2877648.000000
2898833.000000
2907259.000000
2928432.000000
2936955.000000
2941965.000000
2953397.000000
2974943.000000
2986855.000000
3007725.000000
3018848.000000
3040107.000000
3042089.000000
3063387.000000
3071489.000000
3083095.000000
3094633.000000
3115919.000000
3127860.000000
3149241.000000
3158610.000000
3179987.000000
3191589.000000
3212860.000000
3224062.000000
3245976.000000
3255302.000000
3276649.000000
3288168.000000
3302185.000000
3314030.000000
3335109.000000
3346972.000000
3368765.000000
3375564.000000
3396635.000000
3407974.000000
3429505.000000
3436954.000000
3500914.000000
3484128.000000
3502848.000000
3514486.000000
3535852.000000
3545189.000000
3566219.000000
3577637.000000
3598854.000000
3610069.000000
3631049.000000
3635736.000000
3654706.000000
3666642.000000
3687866.000000
3699825.000000
3720998.000000
3732389.000000
3753795.000000
3765539.000000
3753481.000000
3756112.000000
3734615.000000
3743846.000000
3765001.000000
3775853.000000
3796992.000000
3808148.000000
3829337.000000
3839569.000000
3854792.000000
3863066.000000
3876808.000000
3885756.000000
3907173.000000
3916301.000000
3937645.000000
3949713.000000
3971276.000000
3983862.000000
4005155.000000
4016745.000000
4031974.000000
4042976.000000
4064810.000000
4076553.000000
4097539.000000
4109281.000000
4130673.000000
4142828.000000
4164065.000000
4175814.000000
4197340.000000
4208894.000000
4231964.000000
4243738.000000
4263843.000000
4273503.000000
4287943.000000
4281664.000000
4300795.000000
4312556.000000
4333997.000000
4342992.000000
4364474.000000
4376195.000000
4397588.000000
4409154.000000
4430043.000000
4441666.000000
4462970.000000
4474816.000000
4464839.000000
4474377.000000
4495632.000000
4507409.000000
4528841.000000
4540689.000000
4561013.000000
4572908.000000
4594090.000000
4585889.000000
4605219.000000
4617228.000000
4638199.000000
4649765.000000
4670837.000000
4682111.000000
4702763.000000
4714025.000000
4730446.000000
4739992.000000
4760894.000000
4772886.000000
4796172.000000
4798208.000000
4802740.000000
4804920.000000
4808133.000000
4734683.000000
4736953.000000
4739170.000000
4743705.000000
4745990.000000
4750518.000000
4752799.000000
4757255.000000
4758695.000000
4763198.000000
4760702.000000
4761501.000000
4763494.000000
4768042.000000
4770286.000000
4774608.000000
4776364.000000
4780952.000000
4782443.000000
4782771.000000
4753888.000000
4756310.000000
4758504.000000
4763053.000000
4765156.000000
4769642.000000
4771924.000000
4776378.000000
4777821.000000
4782361.000000
4765123.000000
4767382.000000
4769677.000000
4774155.000000
4775827.000000
4780344.000000
4782636.000000
4787119.000000
4789246.000000
4792894.000000
4795071.000000
4794958.000000
4795068.000000
4798227.000000
4800351.000000
4803544.000000
4805130.000000
4809574.000000
4811773.000000
4816233.000000
4815618.000000
4818935.000000
4820037.000000
4823071.000000
4825410.000000
4828604.000000
4830811.000000
4834027.000000
4836137.000000
4839322.000000
4841477.000000
4846054.000000
4848322.000000
4852857.000000
4855080.000000
4859797.000000
4862053.000000
4866608.000000
4868964.000000
4873465.000000
4875792.000000
4880324.000000
4882079.000000
4886635.000000
4888987.000000
4893660.000000
4895990.000000
4900516.000000
4901903.000000
4904115.000000
4905170.000000
4908485.000000
4909884.000000
4910781.000000
4910585.000000
4910939.000000
4910980.000000
4914084.000000
4916224.000000
4920765.000000
4922941.000000
4927288.000000
4929423.000000
4933619.000000
4933532.000000
4936781.000000
4938154.000000
4942422.000000
4944661.000000
4947798.000000
4949815.000000
4953566.000000
4953210.000000
4957592.000000
4959922.000000
4964331.000000
4966578.000000
4969698.000000
4971188.000000
4975687.000000
4977784.000000
4982280.000000
4984448.000000
4988943.000000
4991201.000000
4995740.000000
4997846.000000
5002468.000000
5004609.000000
5009156.000000
5011464.000000
5015619.000000
5015440.000000
4999914.000000
5002106.000000
5005354.000000
5007397.000000
5037249.000000
5039826.000000
5044682.000000
5047105.000000
5050169.000000
5049508.000000
5051674.000000
5053281.000000
5066819.000000
5012769.000000
5028010.000000
5030213.000000
5034491.000000
5036579.000000
5039688.000000
5041716.000000
5044845.000000
5046153.000000
5050572.000000
5010312.000000
5011356.000000
5013389.000000
5017810.000000
5019931.000000
5023087.000000
5025091.000000
5028213.000000
5029430.000000
5032534.000000
5034594.000000
5036238.000000
5036609.000000
5037560.000000
5039202.000000
5042464.000000
5044084.000000
5047228.000000
5048893.000000
5053451.000000
5055714.000000
5060236.000000
5062396.000000
5066912.000000
5069134.000000
5072307.000000
5074411.000000
5078905.000000
5081184.000000
5092377.000000
5112936.000000
5116318.000000
5118618.000000
5122664.000000
5122347.000000
5110517.000000
5110169.000000
5114836.000000
5117303.000000
5120557.000000
5122657.000000
5125928.000000
5140850.000000
5145349.000000
5147985.000000
5122221.000000
5122438.000000
5126984.000000
5129315.000000
5133848.000000
5136235.000000
5140843.000000
5142271.000000
5146830.000000
5146236.000000
5149142.000000
5150736.000000
5155092.000000
5157355.000000
5161859.000000
5164253.000000
5168693.000000
5170716.000000
5175107.000000
5177356.000000
5180530.000000
5182561.000000
5187074.000000
5189288.000000
5193792.000000
5195956.000000
5200376.000000
5202629.000000
5207175.000000
5209490.000000
5212669.000000
5214763.000000
5216070.000000
5185387.000000
5187499.000000
5189760.000000
5194243.000000
5196514.000000
5201009.000000
5203204.000000
5206861.000000
5209165.000000
5209482.000000
5210357.000000
5211435.000000
5213095.000000
5217582.000000
5219830.000000
5224451.000000
5226676.000000
5231219.000000
5233618.000000
5238265.000000
5240683.000000
5245228.000000
5247738.000000
5252358.000000
5254658.000000
5233959.000000
5234275.000000
5230615.000000
5216804.000000
5200526.000000
5192579.000000
5176759.000000
5166783.000000
5150482.000000
5140314.000000
5124986.000000
5114168.000000
5098613.000000
5087254.000000
5072165.000000
5061471.000000
5044599.000000
5035407.000000
5019329.000000
5007778.000000
4992676.000000
4984362.000000
4967946.000000
4957602.000000
4942242.000000
4932973.000000
4915193.000000
4906819.000000
4890883.000000
4880104.000000
4864231.000000
4856080.000000
4840662.000000
4832320.000000
4816952.000000
4805702.000000
4790461.000000
4782155.000000
4766436.000000
4755280.000000
4740171.000000
4730250.000000
4714466.000000
4706276.000000
4674911.000000
4666462.000000
4648984.000000
4629845.000000
4624676.000000
4606190.000000
4599037.000000
4580813.000000
4575189.000000
4557372.000000
4549898.000000
4531496.000000
4523412.000000
4505870.000000
4497481.000000
4488650.000000
4478032.000000
4469705.000000
4458648.000000
4450344.000000
4439747.000000
4422799.000000
4412407.000000
4394560.000000
4386980.000000
4377794.000000
4366609.000000
4348697.000000
4342948.000000
4334263.000000
4323607.000000
4305673.000000
4297109.000000
4279937.000000
4273957.000000
4255946.000000
4247065.000000
4238589.000000
4227737.000000
4211029.000000
4203807.000000
4185632.000000
4176982.000000
4159833.000000
4153142.000000
4144523.000000
4133119.000000
4115917.000000
4105752.000000
4088027.000000
4079756.000000
4061694.000000
4055969.000000
4047156.000000
4036349.000000
4018368.000000
4009894.000000
3992238.000000
3984669.000000
3966138.000000
3957324.000000
3949078.000000
3938194.000000
3920262.000000
3911704.000000
3903488.000000
3893060.000000
3875179.000000
3866534.000000
3849270.000000
3842044.000000
3823730.000000
3816345.000000
3797984.000000
3792459.000000
3774658.000000
3766141.000000
3757611.000000
3746804.000000
3729228.000000
3723035.000000
3705388.000000
3697883.000000
3680120.000000
3672326.000000
3654237.000000
3646162.000000
3627783.000000
3618967.000000
3601026.000000
3592772.000000
3575658.000000
3568448.000000
3550360.000000
3541237.000000
3523842.000000
3515499.000000
3497943.000000
3489500.000000
3472021.000000
3466150.000000
3447997.000000
3439660.000000
3421845.000000
3432842.000000
3414859.000000
3408441.000000
3390706.000000
3381992.000000
3364608.000000
3356371.000000
3338946.000000
3330286.000000
3312969.000000
3306630.000000
3289158.000000
3281914.000000
3263613.000000
3255913.000000
3180196.000000
3173400.000000
3154567.000000
3147210.000000
3128405.000000
3122671.000000
3104962.000000
3096344.000000
3079303.000000
3070226.000000
3052973.000000
3047346.000000
3029569.000000
3020827.000000
3003312.000000
2993156.000000
2975917.000000
2968637.000000
2950695.000000
2941734.000000
2932963.000000
2922368.000000
2904921.000000
2896972.000000
2878787.000000
2870825.000000
2853549.000000
2846391.000000
2828355.000000
2820927.000000
2811745.000000
2799447.000000
2790646.000000
2780276.000000
2762704.000000
2757040.000000
2746189.000000
2753685.000000
2734164.000000
2721566.000000
2706426.000000
2698225.000000
2689827.000000
2679401.000000
2662339.000000
2653274.000000
2648897.000000
2640143.000000
2622796.000000
2613980.000000
2596757.000000
2586580.000000
2568605.000000
2560468.000000
2541571.000000
2532775.000000
2516597.000000
2507884.000000
2499859.000000
2486264.000000
2470783.000000
2460288.000000
2444719.000000
2435952.000000
2421804.000000
2444717.000000
2429509.000000
2418555.000000
2402349.000000
2391821.000000
2376300.000000
2365383.000000
2350290.000000
2340533.000000
2324624.000000
2313833.000000
2298394.000000
2287191.000000
2272071.000000
2261136.000000
2246131.000000
2235389.000000
2220418.000000
2209339.000000
2193018.000000
2182397.000000
2167169.000000
2157447.000000
2141238.000000
2131646.000000
2115724.000000
2105179.000000
2090230.000000
2079379.000000
2073469.000000
2057929.000000
2058760.000000
2058590.000000
2061134.000000
2060209.000000
2060849.000000
2060451.000000
2059511.000000
2059149.000000
2059560.000000
2059299.000000
2058348.000000
2057883.000000
2056807.000000
2056511.000000
2057735.000000
2056694.000000
2057559.000000
2057393.000000
2057604.000000
2057978.000000
2058411.000000
2058802.000000
2059118.000000
2058907.000000
2057965.000000
2057517.000000
2058159.000000
2057944.000000
2058566.000000
2058138.000000
2058695.000000
2058317.000000
2058870.000000
2058643.000000
2059020.000000
2058160.000000
2058652.000000
2058936.000000
2059236.000000
2059092.000000
2057849.000000
2057455.000000
2058010.000000
2057630.000000
2058274.000000
2058076.000000
2060668.000000
2059720.000000
2061004.000000
2060660.000000
2061040.000000
2061063.000000
2061196.000000
2060763.000000
2061429.000000
2061470.000000
2063829.000000
2062984.000000
2065310.000000
2064656.000000
2066882.000000
2066011.000000
2067296.000000
2066259.000000
2066860.000000
2066479.000000
2067054.000000
2067062.000000
2065837.000000
2065621.000000
2065898.000000
2065719.000000
2066149.000000
2065903.000000
2066393.000000
2066906.000000
2067238.000000
2066929.000000
2067344.000000
2066983.000000
2067521.000000
2067067.000000
2067590.000000
2067131.000000
2067790.000000
2068235.000000
2071336.000000
4196439.000000
4193687.000000
4194936.000000
4199265.000000
4216354.000000
4213446.000000
4214032.000000
4229783.000000
4228340.000000
4228321.000000
4229413.000000
4227711.000000
4228786.000000
4227013.000000
4231992.000000
4233002.000000
4230652.000000
4229016.000000
4229474.000000
4232698.000000
4231901.000000
4231418.000000
4233268.000000
4234379.000000
4234005.000000
4232854.000000
4232624.000000
4232815.000000
4232466.000000
4232695.000000
4232875.000000
4233016.000000
4232413.000000
4232536.000000
4231592.000000
4232061.000000
4231137.000000
4231395.000000
4230522.000000
4231033.000000
4232072.000000
4232611.000000
4230754.000000
4204192.000000
4201975.000000
4198542.000000
4200211.000000
4201150.000000
4199770.000000
4199995.000000
4198961.000000
4188487.000000
4187462.000000
4187777.000000
4174650.000000
4173886.000000
4173490.000000
4175922.000000
4174471.000000
4176943.000000
4175399.000000
4175883.000000
4175452.000000
4175966.000000
4173087.000000
4170536.000000
4172383.000000
4173536.000000
4172276.000000
4173545.000000
4171974.000000
4174365.000000
4173139.000000
4171538.000000
4169955.000000
4169140.000000
4181787.000000
4179902.000000
4178935.000000
4180323.000000
4182025.000000
4182191.000000
4185159.000000
4185084.000000
4185073.000000
4185885.000000
4186655.000000
4189062.000000
4188180.000000
4189317.000000
4190204.000000
4183347.000000
4165039.000000
4165955.000000
4164659.000000
4163759.000000
4163293.000000
4163571.000000
4163473.000000
4164040.000000
4163045.000000
4165685.000000
4164417.000000
4167244.000000
4165702.000000
4152652.000000
4152268.000000
4150762.000000
4148341.000000
4146608.000000
4145879.000000
4144315.000000
4142642.000000
4139322.000000
4138157.000000
4136052.000000
4138253.000000
4137441.000000
4136957.000000
4135842.000000
4133710.000000
4131268.000000
4133264.000000
4134091.000000
4133479.000000
4134249.000000
4142372.000000
4145241.000000
4145387.000000
4143372.000000
4145639.000000
4143349.000000
4144012.000000
4140110.000000
4139412.000000
4137518.000000
4135415.000000
4140669.000000
4140363.000000
4137817.000000
4139891.000000
4139210.000000
4139029.000000
4139685.000000
4139693.000000
4140564.000000
4140414.000000
4141184.000000
4140576.000000
4141897.000000
4140985.000000
4144106.000000
4143522.000000
4144229.000000
4143894.000000
4144508.000000
4144565.000000
4145186.000000
4144821.000000
4144230.000000
4143912.000000
4144801.000000
4144364.000000
4145135.000000
4144583.000000
4145055.000000
4144222.000000
4144934.000000
4144057.000000
4144841.000000
4144541.000000
4145411.000000
4145256.000000
4145972.000000
4146038.000000
4145048.000000
4144442.000000
4143124.000000
4140864.000000
4140286.000000
4140372.000000
4139711.000000
4140742.000000
4138244.000000
4139390.000000
4137269.000000
4139640.000000
4137874.000000
4140105.000000
4138427.000000
4140692.000000
4138878.000000
4141157.000000
4139386.000000
4141631.000000
4139830.000000
4142037.000000
4140172.000000
4140336.000000
4136476.000000
4135321.000000
4135872.000000
4137006.000000
4134798.000000
4136751.000000
4136107.000000
4135742.000000
4136617.000000
4135707.000000
4136524.000000
4136267.000000
4137195.000000
4136946.000000
4137827.000000
4137701.000000
4140596.000000
4139943.000000
4140756.000000
4140904.000000
4141378.000000
4141670.000000
4142373.000000
4141930.000000
4142697.000000
4142663.000000
4143380.000000
4143279.000000
4142608.000000
4142498.000000
4143178.000000
4142273.000000
4145075.000000
4144373.000000
4145195.000000
4144565.000000
4145393.000000
4145558.000000
4146077.000000
4146069.000000
4146679.000000
4147396.000000
4147620.000000
4147505.000000
4148405.000000
4148253.000000
4149106.000000
4148753.000000
4149525.000000
4148633.000000
4149352.000000
4149264.000000
4150070.000000
4149194.000000
4150170.000000
4149973.000000
4150813.000000
4151751.000000
4151794.000000
4152042.000000
4152796.000000
4152672.000000
4153589.000000
4153455.000000
4154268.000000
4154462.000000
4155145.000000
4155080.000000
4155957.000000
4155144.000000
4156082.000000
4155814.000000
4156604.000000
4155764.000000
4156468.000000
4156308.000000
4157291.000000
4157102.000000
4156174.000000
4155700.000000
4156467.000000
4156393.000000
4157159.000000
4157294.000000
4157969.000000
4157721.000000
4158794.000000
4158439.000000
4159282.000000
4159110.000000
4159811.000000
4159721.000000
4162652.000000
4161870.000000
4162821.000000
4163094.000000
4163568.000000
4163632.000000
4164264.000000
4164059.000000
4164991.000000
4164654.000000
4165473.000000
4164571.000000
4165441.000000
4165401.000000
4166183.000000
4165967.000000
4166742.000000
4165870.000000
4166585.000000
4166303.000000
4167205.000000
4167057.000000
4167949.000000
4149825.000000
4150399.000000
4150062.000000
4150746.000000
4150552.000000
4151427.000000
4151127.000000
4151890.000000
4151170.000000
4151874.000000
4151528.000000
4152215.000000
4151996.000000
4152777.000000
4152458.000000
4153194.000000
4152875.000000
4153511.000000
4154122.000000
4154748.000000
4154558.000000
4155162.000000
4154983.000000
4155674.000000
4155535.000000
4156259.000000
4156125.000000
4156750.000000
4156126.000000
4158932.000000
4158109.000000
4158898.000000
4158572.000000
4159361.000000
4159404.000000
4159751.000000
4159774.000000
4160238.000000
4160071.000000
4160568.000000
4161383.000000
4161395.000000
4160551.000000
4161331.000000
4160585.000000
4163385.000000
4161906.000000
4162601.000000
4162002.000000
4162616.000000
4155372.000000
4134306.000000
4136621.000000
4141868.000000
4144717.000000
4143595.000000
4143289.000000
4143689.000000
4143496.000000
4143791.000000
4130633.000000
4131437.000000
4131495.000000
4132141.000000
4132204.000000
4134941.000000
4134081.000000
4133498.000000
4132864.000000
4133574.000000
4130467.000000
4134054.000000
4133194.000000
4134768.000000
4132752.000000
4135361.000000
4133371.000000
4136374.000000
4134532.000000
4103579.000000
4099348.000000
4101666.000000
4101455.000000
4102961.000000
4100955.000000
4107855.000000
4105982.000000
4108324.000000
4107229.000000
4108883.000000
4106986.000000
4109356.000000
4107475.000000
4109995.000000
4108140.000000
4110833.000000
4108899.000000
4111135.000000
4111410.000000
4113095.000000
4110699.000000
4112866.000000
4111160.000000
4113500.000000
4111126.000000
4113362.000000
4110894.000000
4113168.000000
4111425.000000
4111548.000000
4107704.000000
4106584.000000
4104933.000000
4102632.000000
4100047.000000
4100075.000000
4100120.000000
4101669.000000
4100080.000000
4101098.000000
4100432.000000
4102061.000000
4102008.000000
4104027.000000
4103673.000000
4105511.000000
4102963.000000
4105438.000000
4102892.000000
4105352.000000
4103830.000000
4105990.000000
4104217.000000
4104351.000000
4102475.000000
4100831.000000
4101352.000000
4103459.000000
4101583.000000
4104033.000000
4101650.000000
4104060.000000
4101706.000000
4103834.000000
4101581.000000
4104660.000000
4102213.000000
4104731.000000
4102769.000000
4105053.000000
4105488.000000
4105345.000000
4101624.000000
4100522.000000
4101106.000000
4101900.000000
4099977.000000
4100119.000000
4098250.000000
4096608.000000
4094975.000000
4092633.000000
4090097.000000
4091371.000000
4089705.000000
4090383.000000
4086170.000000
4085038.000000
4085616.000000
4086470.000000
4085396.000000
4085392.000000
4083505.000000
4081807.000000
4082578.000000
4084764.000000
4081298.000000
4081761.000000
4083275.000000
4081796.000000
4080565.000000
4079017.000000
4077643.000000
4076300.000000
4074502.000000
4073229.000000
4071745.000000
4070942.000000
4069414.000000
4067016.000000
4065561.000000
4063211.000000
4061811.000000
4059568.000000
4058225.000000
4055823.000000
4054410.000000
1926928.000000
1923350.000000
1923434.000000
1920833.000000
1902549.000000
1899182.000000
1899229.000000
1884463.000000
1873816.000000
1876349.000000
1877474.000000
1877851.000000
1875515.000000
1875188.000000
1869498.000000
1868325.000000
1864694.000000
1867261.000000
1865285.000000
1862583.000000
1858198.000000
1855398.000000
1856217.000000
1854824.000000
1852035.000000
1852860.000000
1850000.000000
1848644.000000
1846416.000000
1845174.000000
1843105.000000
1841527.000000
1839916.000000
1838323.000000
1836648.000000
1834874.000000
1833099.000000
1831398.000000
1829698.000000
1828232.000000
1825594.000000
1822175.000000
1817326.000000
1818131.000000
1818147.000000
1821359.000000
1821869.000000
1820951.000000
1817901.000000
1816426.000000
1814743.000000
1816606.000000
1816763.000000
1812833.000000
1813185.000000
1811116.000000
1809398.000000
1807733.000000
1806060.000000
1804094.000000
1802439.000000
1800191.000000
1797545.000000
1792485.000000
1792474.000000
1794813.000000
1795311.000000
1793891.000000
1791516.000000
1791457.000000
1789763.000000
1787594.000000
1785386.000000
1761758.000000
1761746.000000
1764171.000000
1764689.000000
1766937.000000
1767465.000000
1769816.000000
1763690.000000
1765521.000000
1761877.000000
1756893.000000
1754665.000000
1752300.000000
1749472.000000
1747118.000000
1744866.000000
1742466.000000
1739441.000000
1737143.000000
1735778.000000
1735366.000000
1732845.000000
1732313.000000
1729532.000000
1727175.000000
1726725.000000
1723833.000000
1722035.000000
1719503.000000
1717504.000000
1715153.000000
1713174.000000
1712742.000000
1709117.000000
1705669.000000
1706202.000000
1707814.000000
1701870.000000
1701422.000000
1701330.000000
1699417.000000
1700059.000000
1701081.000000
1701571.000000
1697826.000000
1693995.000000
1686255.000000
1686261.000000
1686751.000000
1687233.000000
1681321.000000
1678830.000000
1674458.000000
1662927.000000
1661500.000000
1656577.000000
1653840.000000
1649354.000000
1646787.000000
1635785.000000
1635654.000000
1635482.000000
1635894.000000
1636381.000000
1635913.000000
1627869.000000
1626318.000000
1626291.000000
1622435.000000
1619017.000000
1614743.000000
1612120.000000
1607618.000000
1604897.000000
1600457.000000
1598452.000000
1596131.000000
1592691.000000
1588300.000000
1586078.000000
1581671.000000
1579693.000000
1575179.000000
1572268.000000
1568093.000000
1565226.000000
1563170.000000
1559523.000000
1561100.000000
1558237.000000
1554161.000000
1552096.000000
1547660.000000
1545662.000000
1541199.000000
1539300.000000
1534793.000000
1532282.000000
1527874.000000
1525279.000000
1520885.000000
1518085.000000
1516090.000000
1512468.000000
1507128.000000
1507019.000000
1507351.000000
1501864.000000
1501772.000000
1500328.000000
1497629.000000
1495409.000000
1492062.000000
1487686.000000
1485139.000000
1480576.000000
1478112.000000
1473562.000000
1471127.000000
1466602.000000
1463984.000000
1459639.000000
1457222.000000
1452758.000000
1449836.000000
1442076.000000
1441978.000000
1442474.000000
1442970.000000
1439184.000000
1435507.000000
1433963.000000
1429581.000000
1426019.000000
1421655.000000
1419700.000000
1415183.000000
1412634.000000
1408144.000000
1405609.000000
1400988.000000
1398372.000000
1393724.000000
1391061.000000
1386457.000000
1383492.000000
1379338.000000
1376412.000000
1372204.000000
1369230.000000
1365090.000000
1362285.000000
1357994.000000
1355201.000000
1353188.000000
1349625.000000
1345227.000000
1343313.000000
1338887.000000
1336281.000000
1331624.000000
1329638.000000
1325159.000000
1322528.000000
1318171.000000
1315147.000000
1311012.000000
1308006.000000
1303657.000000
1300524.000000
1296279.000000
1293273.000000
1289140.000000
1286238.000000
1282069.000000
1280059.000000
1275494.000000
1272891.000000
1268387.000000
1266267.000000
1261870.000000
1258975.000000
1254534.000000
1251597.000000
1247117.000000
1244196.000000
1239891.000000
1237033.000000
1232754.000000
1229916.000000
1225663.000000
1222707.000000
1218422.000000
1215775.000000
1211258.000000
1209231.000000
1204818.000000
1202130.000000
1197540.000000
1195486.000000
1190977.000000
1188094.000000
1183942.000000
1180928.000000
1178915.000000
1175399.000000
1171326.000000
1168663.000000
1164145.000000
1161332.000000
1157236.000000
1154570.000000
1149943.000000
1147168.000000
1142765.000000
1140119.000000
1135526.000000
1133013.000000
1128410.000000
1125347.000000
1121123.000000
1118225.000000
1114141.000000
1111200.000000
1106721.000000
1103781.000000
1099541.000000
1096612.000000
1092337.000000
1090381.000000
1085795.000000
1083080.000000
1078392.000000
1075803.000000
1071145.000000
1069141.000000
1064637.000000
1061698.000000
1057588.000000
1054687.000000
1050410.000000
1047464.000000
1043216.000000
1040340.000000
1036077.000000
1033172.000000
1028908.000000
1026258.000000
1021575.000000
1019572.000000
1015068.000000
1012428.000000
1007787.000000
1005088.000000
1000395.000000
997447.000000
993352.000000
990479.000000
986268.000000
983469.000000
979259.000000
976310.000000
972019.000000
969096.000000
964832.000000
962107.000000
957462.000000
954862.000000
950246.000000
948118.000000
943607.000000
941046.000000
936339.000000
933438.000000
929200.000000
926315.000000
922083.000000
919185.000000
915044.000000
912175.000000
907963.000000
904962.000000
900484.000000
898341.000000
893781.000000
891772.000000
887229.000000
885203.000000
880740.000000
878613.000000
874121.000000
871548.000000
866893.000000
863896.000000
859621.000000
856677.000000
852303.000000
849382.000000
845243.000000
842190.000000
838001.000000
835224.000000
830950.000000
828345.000000
823602.000000
820860.000000
816199.000000
813592.000000
811237.000000
808457.000000
803908.000000
801789.000000
797126.000000
794186.000000
789799.000000
786888.000000
782640.000000
779727.000000
775505.000000
772567.000000
768301.000000
766327.000000
761700.000000
759712.000000
755206.000000
753013.000000
743748.000000
740977.000000
736709.000000
733773.000000
729323.000000
726490.000000
722276.000000
719217.000000
715074.000000
712033.000000
707730.000000
704655.000000
700421.000000
697475.000000
693188.000000
691140.000000
686513.000000
683959.000000
679256.000000
677171.000000
672589.000000
670582.000000
665981.000000
662938.000000
649146.000000
649001.000000
649369.000000
649814.000000
650266.000000
650715.000000
650959.000000
649865.000000
645502.000000
642507.000000
640553.000000
637826.000000
633208.000000
631082.000000
626585.000000
624388.000000
619828.000000
617772.000000
616269.000000
614382.000000
609934.000000
606754.000000
602435.000000
599406.000000
591742.000000
591663.000000
592106.000000
592546.000000
586576.000000
583528.000000
579255.000000
577239.000000
572662.000000
570593.000000
566019.000000
563983.000000
559427.000000
557322.000000
552776.000000
549819.000000
545546.000000
542232.000000
534408.000000
534317.000000
534741.000000
535115.000000
531327.000000
527559.000000
513830.000000
513715.000000
514181.000000
514609.000000
515038.000000
515491.000000
515926.000000
513516.000000
504613.000000
504527.000000
504957.000000
505359.000000
501493.000000
497030.000000
489240.000000
489112.000000
489579.000000
490030.000000
483905.000000
472470.000000
468098.000000
459128.000000
454088.000000
426266.000000
414140.000000
335754.000000
332977.000000
333162.000000
333554.000000
334012.000000
334443.000000
334870.000000
335284.000000
335755.000000
336212.000000
327126.000000
307446.000000
304341.000000
288886.000000
282763.000000
276485.000000
270169.000000
260172.000000
244462.000000
235238.000000
The average waiting time  is :  2985331.646000 
