4 , 64 24093.000000
29878.000000
47098.000000
15580.000000
35454.000000
37722.000000
35193.000000
34294.000000
34945.000000
34947.000000
16943.000000
17485.000000
18472.000000
13733.000000
1790.000000
768.000000
1111.000000
699.000000
1049.000000
2326.000000
641.000000
362.000000
1441.000000
1903.000000
3741.000000
2371.000000
451.000000
504.000000
479.000000
863.000000
921.000000
556.000000
885.000000
5800.000000
1939.000000
5894.000000
6347.000000
7530.000000
9578.000000
11251.000000
10601.000000
10939.000000
11503.000000
12395.000000
12483.000000
13935.000000
11427.000000
3723.000000
1088.000000
1874.000000
2695.000000
4028.000000
2259.000000
4668.000000
4510.000000
3978.000000
5406.000000
5765.000000
409.000000
1118.000000
2410.000000
2536.000000
2182.000000
1352.000000
2099.000000
827.000000
841.000000
2948.000000
1333.000000
237.000000
545.000000
1456.000000
1372.000000
651.000000
1265.000000
1450.000000
2031.000000
1236.000000
795.000000
540.000000
2115.000000
4126.000000
4672.000000
4536.000000
2373.000000
259.000000
1226.000000
1642.000000
485.000000
222.000000
627.000000
768.000000
1928.000000
3992.000000
4714.000000
4287.000000
6228.000000
2606.000000
6531.000000
7170.000000
5386.000000
6293.000000
6762.000000
5164.000000
2092.000000
1599.000000
1682.000000
1458.000000
2183.000000
804.000000
1780.000000
2511.000000
1929.000000
1178.000000
704.000000
677.000000
408.000000
462.000000
970.000000
1720.000000
1229.000000
2568.000000
2118.000000
723.000000
476.000000
466.000000
1575.000000
299.000000
2024.000000
1437.000000
3830.000000
4051.000000
5489.000000
6738.000000
6663.000000
7726.000000
7189.000000
178.000000
621.000000
754.000000
1614.000000
475.000000
802.000000
1466.000000
2028.000000
407.000000
1671.000000
2642.000000
1141.000000
1000.000000
716.000000
778.000000
1593.000000
363.000000
1252.000000
2403.000000
919.000000
405.000000
640.000000
423.000000
996.000000
1829.000000
993.000000
1221.000000
2651.000000
637.000000
713.000000
580.000000
291.000000
384.000000
343.000000
774.000000
766.000000
290.000000
766.000000
1502.000000
1657.000000
1198.000000
2794.000000
1644.000000
331.000000
10674.000000
2759.000000
419.000000
971.000000
999.000000
2556.000000
3638.000000
4137.000000
239.000000
543.000000
879.000000
290.000000
2035.000000
3940.000000
2129.000000
1468.000000
2213.000000
1037.000000
2334.000000
708.000000
307.000000
879.000000
1040.000000
2103.000000
2027.000000
1784.000000
1395.000000
1551.000000
1641.000000
2192.000000
435.000000
1627.000000
3065.000000
1868.000000
927.000000
463.000000
156.000000
2047.000000
3985.000000
5270.000000
5265.000000
6025.000000
4375.000000
6284.000000
4405.000000
3667.000000
4223.000000
4181.000000
1249.000000
1206.000000
1870.000000
299.000000
951.000000
170.000000
4581.000000
5706.000000
5532.000000
5481.000000
6654.000000
1125.000000
473.000000
1135.000000
2285.000000
4075.000000
1414.000000
680.000000
387.000000
898.000000
3232.000000
2327.000000
1342.000000
874.000000
1694.000000
469.000000
446.000000
429.000000
498.000000
427.000000
1207.000000
3843.000000
3428.000000
3833.000000
477.000000
286.000000
342.000000
950.000000
1790.000000
638.000000
1624.000000
2648.000000
467.000000
713.000000
3745.000000
2134.000000
2275.000000
640.000000
177.000000
652.000000
835.000000
1810.000000
207.000000
754.000000
188.000000
1259.000000
1939.000000
620.000000
556.000000
597.000000
165.000000
586.000000
166.000000
1523.000000
3167.000000
4874.000000
4609.000000
5213.000000
4875.000000
2085.000000
835.000000
549.000000
1914.000000
3256.000000
806.000000
900.000000
1713.000000
2463.000000
1736.000000
178.000000
3782.000000
4534.000000
4119.000000
1109.000000
134.000000
254.000000
638.000000
1416.000000
589.000000
388.000000
249.000000
520.000000
1556.000000
3436.000000
2930.000000
3512.000000
601.000000
1073.000000
830.000000
1078.000000
328.000000
662.000000
635.000000
779.000000
594.000000
548.000000
966.000000
1459.000000
635.000000
480.000000
1316.000000
795.000000
3515.000000
2889.000000
4297.000000
3395.000000
7847.000000
7640.000000
2122.000000
1193.000000
635.000000
5860.000000
4685.000000
5840.000000
7270.000000
6936.000000
6501.000000
6241.000000
5255.000000
2238.000000
508.000000
344.000000
1393.000000
3215.000000
2259.000000
3856.000000
1980.000000
3094.000000
518.000000
536.000000
597.000000
1428.000000
3243.000000
1784.000000
312.000000
2445.000000
3038.000000
3115.000000
1840.000000
2269.000000
4054.000000
4607.000000
3807.000000
2372.000000
3406.000000
2196.000000
1527.000000
1639.000000
2563.000000
1497.000000
865.000000
812.000000
407.000000
229.000000
1105.000000
160.000000
846.000000
431.000000
2989.000000
5227.000000
11171.000000
10284.000000
11777.000000
11472.000000
8148.000000
5966.000000
6615.000000
329.000000
1332.000000
453.000000
252.000000
485.000000
313.000000
934.000000
2191.000000
1138.000000
261.000000
1316.000000
2322.000000
3363.000000
4128.000000
3881.000000
2203.000000
3229.000000
827.000000
1576.000000
872.000000
724.000000
1226.000000
2095.000000
257.000000
316.000000
1055.000000
1180.000000
181.000000
1420.000000
2091.000000
2452.000000
2431.000000
3063.000000
1038.000000
2210.000000
3543.000000
5206.000000
4033.000000
3803.000000
4372.000000
1576.000000
312.000000
221.000000
1084.000000
1366.000000
1771.000000
495.000000
185.000000
212.000000
540.000000
1750.000000
3287.000000
4202.000000
3898.000000
4767.000000
1503.000000
2126.000000
586.000000
421.000000
646.000000
1936.000000
3850.000000
3907.000000
3995.000000
3085.000000
1117.000000
1394.000000
1725.000000
3025.000000
1738.000000
940.000000
453.000000
681.000000
1466.000000
159.000000
1542.000000
2089.000000
3719.000000
2870.000000
2378.000000
1121.000000
2347.000000
1752.000000
2679.000000
1954.000000
1028.000000
2000.000000
697.000000
561.000000
1098.000000
3439.000000
2449.000000
1260.000000
206.000000
5052.000000
3727.000000
2229.000000
2844.000000
594.000000
2042.000000
2521.000000
204.000000
1077.000000
818.000000
256.000000
694.000000
175.000000
368.000000
1644.000000
2354.000000
345.000000
637.000000
252.000000
209.000000
1340.000000
1544.000000
655.000000
1484.000000
1059.000000
733.000000
973.000000
1786.000000
895.000000
629.000000
1693.000000
2146.000000
937.000000
696.000000
692.000000
1481.000000
734.000000
1536.000000
2351.000000
3369.000000
1873.000000
1890.000000
581.000000
717.000000
1108.000000
3074.000000
2454.000000
293.000000
371.000000
1486.000000
3639.000000
2355.000000
3333.000000
7773.000000
4632.000000
593.000000
998.000000
362.000000
1193.000000
1677.000000
1191.000000
565.000000
2070.000000
1977.000000
885.000000
2292.000000
4142.000000
5717.000000
6866.000000
5893.000000
4627.000000
591.000000
939.000000
3428.000000
3132.000000
4672.000000
1954.000000
337.000000
437.000000
4012.000000
3956.000000
5109.000000
5680.000000
5806.000000
843.000000
1943.000000
533.000000
252.000000
833.000000
1598.000000
2337.000000
2494.000000
647.000000
297.000000
1124.000000
4391.000000
2569.000000
3588.000000
184.000000
539.000000
331.000000
777.000000
2293.000000
189.000000
274.000000
464.000000
1179.000000
3417.000000
3290.000000
4133.000000
4769.000000
2238.000000
190.000000
910.000000
2584.000000
2362.000000
336.000000
1495.000000
812.000000
722.000000
965.000000
762.000000
2284.000000
4567.000000
4822.000000
4659.000000
5247.000000
2822.000000
2005.000000
3873.000000
3691.000000
4775.000000
4021.000000
3078.000000
4198.000000
6618.000000
2716.000000
3590.000000
2210.000000
3196.000000
2080.000000
723.000000
273.000000
818.000000
626.000000
285.000000
157.000000
674.000000
360.000000
2027.000000
2018.000000
2731.000000
2875.000000
2423.000000
1008.000000
2139.000000
1981.000000
1827.000000
502.000000
818.000000
690.000000
941.000000
2278.000000
1768.000000
2156.000000
262.000000
985.000000
312.000000
299.000000
1142.000000
198.000000
510.000000
453.000000
2513.000000
2964.000000
4099.000000
1795.000000
393.000000
475.000000
539.000000
574.000000
790.000000
1074.000000
858.000000
1374.000000
447.000000
910.000000
483.000000
2033.000000
3121.000000
4569.000000
4749.000000
3659.000000
3677.000000
1879.000000
1637.000000
356.000000
1317.000000
2171.000000
256.000000
853.000000
1972.000000
4220.000000
2903.000000
5463.000000
4863.000000
5161.000000
4572.000000
3931.000000
4177.000000
5919.000000
6852.000000
4350.000000
5373.000000
1136.000000
265.000000
1313.000000
3466.000000
2926.000000
3529.000000
206.000000
551.000000
1440.000000
2109.000000
683.000000
1423.000000
2290.000000
1655.000000
1880.000000
3002.000000
1495.000000
2094.000000
272.000000
395.000000
897.000000
712.000000
772.000000
3859.000000
2604.000000
2398.000000
635.000000
299.000000
1862.000000
743.000000
1428.000000
396.000000
732.000000
232.000000
165.000000
2587.000000
3403.000000
3974.000000
4730.000000
267.000000
1239.000000
2396.000000
271.000000
282.000000
716.000000
1753.000000
177.000000
347.000000
2429.000000
4026.000000
4441.000000
5079.000000
4917.000000
4616.000000
3994.000000
3763.000000
971.000000
1144.000000
2192.000000
1354.000000
627.000000
419.000000
1170.000000
571.000000
608.000000
1033.000000
1597.000000
583.000000
1417.000000
588.000000
1004.000000
751.000000
1381.000000
3570.000000
3077.000000
1906.000000
299.000000
2316.000000
1885.000000
1618.000000
1118.000000
1931.000000
278.000000
435.000000
550.000000
692.000000
989.000000
2762.000000
3908.000000
402.000000
685.000000
305.000000
1501.000000
1163.000000
490.000000
1640.000000
2100.000000
3063.000000
689.000000
2301.000000
3362.000000
3079.000000
1330.000000
2135.000000
1545.000000
2646.000000
4923.000000
4399.000000
3996.000000
4632.000000
797.000000
1585.000000
588.000000
292.000000
1020.000000
1707.000000
2001.000000
260.000000
1408.000000
3163.000000
2156.000000
1918.000000
670.000000
862.000000
136.000000
1293.000000
2375.000000
364.000000
701.000000
468.000000
1027.000000
2115.000000
375.000000
1625.000000
3032.000000
4576.000000
5012.000000
3663.000000
3805.000000
2420.000000
154.000000
425.000000
583.000000
2194.000000
168.000000
359.000000
772.000000
1479.000000
1594.000000
2671.000000
1521.000000
299.000000
530.000000
750.000000
807.000000
2164.000000
141.000000
310.000000
2026.000000
4387.000000
4914.000000
3504.000000
481.000000
1414.000000
2046.000000
379.000000
968.000000
1680.000000
1514.000000
865.000000
400.000000
737.000000
819.000000
2112.000000
631.000000
719.000000
1324.000000
3457.000000
2138.000000
1044.000000
770.000000
962.000000
2337.000000
732.000000
587.000000
1087.000000
394.000000
951.000000
918.000000
1771.000000
1698.000000
6916.000000
8122.000000
5349.000000
4115.000000
769.000000
2275.000000
957.000000
1538.000000
2329.000000
1735.000000
2385.000000
246.000000
1841.000000
3244.000000
3634.000000
3624.000000
4331.000000
2586.000000
304.000000
1017.000000
1301.000000
739.000000
839.000000
686.000000
3670.000000
4616.000000
4917.000000
4594.000000
6277.000000
4427.000000
4485.000000
4843.000000
717.000000
672.000000
321.000000
4267.000000
6908.000000
6725.000000
8172.000000
9729.000000
7961.000000
9394.000000
10409.000000
8834.000000
8646.000000
9573.000000
8704.000000
209.000000
302.000000
673.000000
274.000000
690.000000
2613.000000
2466.000000
803.000000
2299.000000
1529.000000
387.000000
232.000000
800.000000
1012.000000
1472.000000
325.000000
141.000000
326.000000
1655.000000
2603.000000
740.000000
1395.000000
916.000000
1229.000000
1927.000000
350.000000
1047.000000
1787.000000
1367.000000
2843.000000
2583.000000
3672.000000
3237.000000
1976.000000
2347.000000
2039.000000
1679.000000
1609.000000
461.000000
2396.000000
5159.000000
2788.000000
1063.000000
632.000000
1141.000000
2474.000000
3458.000000
2666.000000
360.000000
2792.000000
3458.000000
2858.000000
1558.000000
946.000000
696.000000
961.000000
647.000000
351.000000
741.000000
5850.000000
8458.000000
4559.000000
849.000000
1681.000000
1612.000000
1511.000000
2791.000000
805.000000
1587.000000
2711.000000
262.000000
1686.000000
2270.000000
651.000000
897.000000
810.000000
539.000000
1614.000000
1931.000000
634.000000
1172.000000
3232.000000
2305.000000
408.000000
741.000000
150.000000
1165.000000
1179.000000
1275.000000
143.000000
2030.000000
2594.000000
838.000000
1892.000000
549.000000
734.000000
583.000000
1719.000000
3384.000000
1762.000000
172.000000
2483.000000
16054.000000
17403.000000
618.000000
1589.000000
1738.000000
1741.000000
1057.000000
932.000000
127.000000
820.000000
1302.000000
1779.000000
3802.000000
2548.000000
3689.000000
1404.000000
1439.000000
2259.000000
2909.000000
550.000000
2098.000000
1975.000000
2232.000000
7226.000000
1711.000000
270.000000
2118.000000
2977.000000
456.000000
3349.000000
6981.000000
7901.000000
8546.000000
9736.000000
8401.000000
9002.000000
9435.000000
5616.000000
726.000000
1020.000000
1452.000000
173.000000
260.000000
433.000000
642.000000
1785.000000
1226.000000
859.000000
721.000000
745.000000
470.000000
1109.000000
1891.000000
714.000000
1470.000000
1161.000000
1791.000000
512.000000
833.000000
1063.000000
2544.000000
310.000000
179.000000
686.000000
1457.000000
207.000000
2404.000000
3041.000000
2748.000000
2691.000000
1867.000000
395.000000
1389.000000
1556.000000
872.000000
934.000000
853.000000
659.000000
1857.000000
741.000000
1420.000000
1102.000000
1688.000000
416.000000
996.000000
2394.000000
839.000000
228.000000
1847.000000
2084.000000
4759.000000
3750.000000
4738.000000
5323.000000
4688.000000
3089.000000
650.000000
240.000000
3291.000000
4923.000000
5014.000000
6219.000000
6820.000000
5702.000000
208.000000
601.000000
1652.000000
364.000000
1160.000000
564.000000
2067.000000
663.000000
1581.000000
659.000000
1170.000000
403.000000
1096.000000
771.000000
911.000000
893.000000
2381.000000
2352.000000
586.000000
185.000000
3628.000000
3594.000000
6056.000000
935.000000
715.000000
943.000000
2075.000000
4199.000000
2347.000000
954.000000
2581.000000
2210.000000
235.000000
959.000000
2009.000000
2676.000000
4199.000000
3754.000000
4439.000000
4720.000000
4793.000000
5492.000000
4444.000000
5330.000000
3170.000000
737.000000
536.000000
987.000000
1604.000000
655.000000
639.000000
1862.000000
2544.000000
1080.000000
2134.000000
299.000000
289.000000
242.000000
1210.000000
197.000000
584.000000
638.000000
354.000000
1233.000000
2750.000000
4155.000000
3010.000000
2958.000000
960.000000
2182.000000
1908.000000
1824.000000
861.000000
1222.000000
2215.000000
275.000000
456.000000
344.000000
303.000000
913.000000
2457.000000
2976.000000
3283.000000
3226.000000
5932.000000
518.000000
867.000000
2949.000000
2995.000000
3322.000000
4037.000000
5026.000000
3128.000000
467.000000
2039.000000
3977.000000
5922.000000
4486.000000
3311.000000
4544.000000
1291.000000
2130.000000
2084.000000
3992.000000
1978.000000
1515.000000
2986.000000
2285.000000
790.000000
1969.000000
2364.000000
2481.000000
185.000000
554.000000
1171.000000
352.000000
1042.000000
109.000000
314.000000
811.000000
1399.000000
1435.000000
2527.000000
212.000000
264.000000
494.000000
949.000000
1822.000000
2672.000000
3118.000000
842.000000
928.000000
827.000000
185.000000
2599.000000
4386.000000
5999.000000
5153.000000
6430.000000
7125.000000
7395.000000
5493.000000
3815.000000
977.000000
2361.000000
273.000000
3212.000000
781.000000
120.000000
1228.000000
3041.000000
1631.000000
224.000000
883.000000
1713.000000
207.000000
1883.000000
3528.000000
5071.000000
2395.000000
250.000000
310.000000
630.000000
614.000000
1247.000000
2258.000000
718.000000
1458.000000
2954.000000
1898.000000
431.000000
369.000000
1031.000000
1642.000000
3450.000000
4466.000000
3679.000000
4525.000000
2976.000000
2984.000000
283.000000
552.000000
1285.000000
714.000000
820.000000
293.000000
389.000000
433.000000
229.000000
1601.000000
4246.000000
5832.000000
5503.000000
6423.000000
4918.000000
6599.000000
1625.000000
724.000000
2262.000000
2654.000000
4030.000000
1997.000000
2728.000000
3460.000000
942.000000
1935.000000
2267.000000
2751.000000
1794.000000
179.000000
1235.000000
805.000000
1018.000000
2727.000000
863.000000
311.000000
560.000000
4642.000000
7760.000000
9445.000000
9995.000000
10145.000000
11914.000000
11450.000000
12537.000000
13106.000000
13484.000000
12303.000000
11570.000000
9840.000000
365.000000
801.000000
806.000000
427.000000
868.000000
4127.000000
5305.000000
4786.000000
6335.000000
2143.000000
1028.000000
1249.000000
211.000000
369.000000
3096.000000
3243.000000
4941.000000
18357.000000
16373.000000
17215.000000
344.000000
228.000000
284.000000
1214.000000
2263.000000
2238.000000
411.000000
2318.000000
2994.000000
1802.000000
3382.000000
3940.000000
4498.000000
3086.000000
3963.000000
619.000000
599.000000
1893.000000
2220.000000
532.000000
578.000000
272.000000
1479.000000
3117.000000
2097.000000
3386.000000
2285.000000
518.000000
1443.000000
2000.000000
1641.000000
5997.000000
3889.000000
1117.000000
541.000000
1313.000000
3424.000000
2920.000000
2255.000000
1613.000000
2108.000000
1823.000000
1987.000000
1084.000000
397.000000
1132.000000
2421.000000
3372.000000
487.000000
1148.000000
3776.000000
3391.000000
4828.000000
5849.000000
7046.000000
5169.000000
6211.000000
7159.000000
481.000000
267.000000
747.000000
832.000000
466.000000
976.000000
1839.000000
977.000000
2869.000000
3526.000000
4696.000000
4359.000000
5973.000000
1516.000000
658.000000
684.000000
1670.000000
370.000000
2202.000000
2763.000000
4084.000000
2248.000000
3304.000000
341.000000
788.000000
1388.000000
1925.000000
1331.000000
2778.000000
1959.000000
379.000000
1235.000000
2288.000000
634.000000
336.000000
777.000000
292.000000
1083.000000
1407.000000
1533.000000
2271.000000
3192.000000
1731.000000
907.000000
946.000000
3493.000000
2308.000000
3023.000000
1671.000000
1979.000000
2368.000000
2803.000000
161.000000
1025.000000
1829.000000
789.000000
1171.000000
585.000000
774.000000
378.000000
1561.000000
2018.000000
857.000000
377.000000
660.000000
297.000000
555.000000
1763.000000
911.000000
260.000000
1111.000000
439.000000
449.000000
278.000000
1543.000000
2966.000000
3518.000000
2780.000000
479.000000
824.000000
2215.000000
1322.000000
2169.000000
1086.000000
723.000000
261.000000
727.000000
3629.000000
3453.000000
5254.000000
4756.000000
3898.000000
4717.000000
2175.000000
2371.000000
597.000000
1237.000000
615.000000
734.000000
636.000000
937.000000
195.000000
1016.000000
1066.000000
627.000000
1930.000000
448.000000
922.000000
660.000000
1257.000000
1736.000000
1517.000000
820.000000
910.000000
2841.000000
3166.000000
1921.000000
801.000000
2431.000000
4031.000000
3616.000000
3353.000000
4477.000000
4726.000000
5454.000000
5552.000000
6126.000000
6130.000000
622.000000
374.000000
1248.000000
1875.000000
3009.000000
2829.000000
2929.000000
303.000000
2042.000000
4622.000000
4929.000000
4637.000000
5812.000000
3590.000000
1161.000000
2575.000000
1522.000000
550.000000
833.000000
1558.000000
672.000000
943.000000
1829.000000
501.000000
1456.000000
368.000000
252.000000
376.000000
798.000000
1507.000000
180.000000
971.000000
1852.000000
763.000000
582.000000
1196.000000
1572.000000
144.000000
1691.000000
2703.000000
6043.000000
4701.000000
5163.000000
5302.000000
609.000000
615.000000
1047.000000
1352.000000
1764.000000
2645.000000
3928.000000
3344.000000
457.000000
870.000000
1306.000000
817.000000
1452.000000
2702.000000
2507.000000
2513.000000
4132.000000
3277.000000
4476.000000
3734.000000
413.000000
1004.000000
888.000000
631.000000
863.000000
826.000000
2510.000000
480.000000
198.000000
627.000000
1075.000000
1046.000000
1594.000000
1797.000000
1401.000000
972.000000
1124.000000
222.000000
4051.000000
2391.000000
1595.000000
974.000000
663.000000
2980.000000
1798.000000
1164.000000
1835.000000
2567.000000
1673.000000
4328.000000
964.000000
2328.000000
1756.000000
419.000000
965.000000
395.000000
1458.000000
1779.000000
451.000000
285.000000
936.000000
2346.000000
4869.000000
4841.000000
745.000000
876.000000
1995.000000
436.000000
1027.000000
1245.000000
2022.000000
804.000000
3113.000000
676.000000
1226.000000
1570.000000
1474.000000
1489.000000
481.000000
621.000000
820.000000
1597.000000
572.000000
586.000000
403.000000
1275.000000
2177.000000
1380.000000
218.000000
1051.000000
440.000000
628.000000
1269.000000
3538.000000
2209.000000
5556.000000
3059.000000
5771.000000
2220.000000
1048.000000
918.000000
1330.000000
4023.000000
4396.000000
3370.000000
3352.000000
2034.000000
3460.000000
4307.000000
2201.000000
693.000000
3275.000000
2488.000000
3639.000000
1622.000000
1701.000000
2838.000000
1723.000000
1141.000000
741.000000
1114.000000
841.000000
839.000000
602.000000
234.000000
544.000000
1031.000000
408.000000
1295.000000
1627.000000
379.000000
1879.000000
2867.000000
1073.000000
3280.000000
2170.000000
1627.000000
4878.000000
5668.000000
5376.000000
5272.000000
6909.000000
5599.000000
3910.000000
445.000000
719.000000
856.000000
898.000000
958.000000
1723.000000
722.000000
419.000000
597.000000
819.000000
377.000000
571.000000
445.000000
721.000000
1304.000000
2441.000000
2266.000000
2476.000000
2219.000000
1569.000000
1386.000000
3789.000000
2703.000000
3616.000000
1997.000000
1013.000000
636.000000
198.000000
166.000000
319.000000
1083.000000
3721.000000
2328.000000
1740.000000
145.000000
394.000000
634.000000
443.000000
809.000000
7801.000000
7286.000000
4159.000000
2066.000000
3210.000000
611.000000
1371.000000
2843.000000
839.000000
1074.000000
3265.000000
1912.000000
429.000000
1490.000000
503.000000
1935.000000
3204.000000
1140.000000
2177.000000
669.000000
133.000000
1095.000000
1245.000000
196.000000
242.000000
306.000000
411.000000
396.000000
811.000000
1985.000000
160.000000
725.000000
395.000000
177.000000
481.000000
751.000000
669.000000
1864.000000
452.000000
1351.000000
2307.000000
1659.000000
7716.000000
10458.000000
12540.000000
11984.000000
12288.000000
13454.000000
14141.000000
13313.000000
14639.000000
1708.000000
322.000000
1724.000000
1112.000000
1583.000000
2383.000000
4023.000000
6013.000000
3738.000000
2850.000000
3311.000000
3177.000000
493.000000
836.000000
1304.000000
301.000000
5720.000000
3336.000000
2243.000000
1169.000000
552.000000
1042.000000
952.000000
775.000000
336.000000
1247.000000
763.000000
1871.000000
132.000000
396.000000
1297.000000
277.000000
1306.000000
1069.000000
3041.000000
4900.000000
4235.000000
3075.000000
4309.000000
366.000000
810.000000
291.000000
1156.000000
2343.000000
2052.000000
314.000000
527.000000
1393.000000
3585.000000
4772.000000
3861.000000
183.000000
1936.000000
4164.000000
1698.000000
20439.000000
5059.000000
4069.000000
577.000000
1891.000000
5091.000000
229.000000
2929.000000
3987.000000
5971.000000
4344.000000
4938.000000
3042.000000
508.000000
2004.000000
808.000000
313.000000
518.000000
945.000000
1003.000000
2190.000000
2719.000000
629.000000
913.000000
2106.000000
332.000000
942.000000
620.000000
1034.000000
2109.000000
670.000000
690.000000
1763.000000
2767.000000
2898.000000
2758.000000
963.000000
678.000000
631.000000
1726.000000
2424.000000
4504.000000
3494.000000
2387.000000
97.000000
1969.000000
3401.000000
4587.000000
3732.000000
1583.000000
2035.000000
1397.000000
2229.000000
722.000000
734.000000
272.000000
1257.000000
3619.000000
1449.000000
373.000000
271.000000
378.000000
461.000000
1049.000000
1091.000000
3710.000000
1981.000000
796.000000
956.000000
226.000000
1672.000000
3157.000000
2203.000000
196.000000
125.000000
544.000000
370.000000
262.000000
268.000000
1038.000000
1602.000000
2874.000000
788.000000
1414.000000
820.000000
806.000000
155.000000
915.000000
1234.000000
1183.000000
2870.000000
2896.000000
901.000000
1768.000000
599.000000
444.000000
1115.000000
333.000000
773.000000
751.000000
1448.000000
2563.000000
1759.000000
1036.000000
969.000000
1373.000000
1930.000000
386.000000
2685.000000
4668.000000
5881.000000
3730.000000
4240.000000
628.000000
967.000000
1580.000000
1167.000000
1723.000000
3945.000000
4614.000000
2870.000000
651.000000
1390.000000
2717.000000
2183.000000
244.000000
4063.000000
1044.000000
507.000000
1016.000000
206.000000
676.000000
385.000000
1315.000000
2407.000000
177.000000
1073.000000
457.000000
378.000000
296.000000
283.000000
556.000000
832.000000
705.000000
1036.000000
2492.000000
2428.000000
3981.000000
4051.000000
3366.000000
4633.000000
163.000000
495.000000
890.000000
1325.000000
2783.000000
956.000000
239.000000
557.000000
961.000000
1956.000000
1361.000000
629.000000
407.000000
330.000000
1075.000000
292.000000
657.000000
1643.000000
5355.000000
3135.000000
2431.000000
331.000000
448.000000
378.000000
986.000000
8103.000000
3132.000000
190.000000
521.000000
166.000000
1967.000000
15018.000000
821.000000
1080.000000
1111.000000
3233.000000
2014.000000
5744.000000
6192.000000
5025.000000
6448.000000
5591.000000
684.000000
952.000000
1706.000000
4073.000000
5967.000000
4649.000000
5328.000000
3945.000000
3033.000000
4278.000000
6213.000000
4314.000000
3547.000000
4185.000000
849.000000
1718.000000
583.000000
173.000000
439.000000
567.000000
467.000000
1286.000000
2292.000000
300.000000
1568.000000
2834.000000
3917.000000
4120.000000
4843.000000
400.000000
233.000000
1164.000000
1094.000000
2219.000000
535.000000
446.000000
178.000000
387.000000
228.000000
1215.000000
2288.000000
176.000000
400.000000
806.000000
1380.000000
1088.000000
977.000000
1454.000000
2137.000000
3006.000000
2914.000000
3602.000000
1515.000000
715.000000
1785.000000
2873.000000
1809.000000
549.000000
226.000000
2374.000000
1677.000000
2356.000000
1324.000000
1106.000000
3066.000000
1824.000000
1518.000000
2048.000000
1482.000000
368.000000
1567.000000
2746.000000
2159.000000
2216.000000
412.000000
1232.000000
1766.000000
342.000000
489.000000
286.000000
1316.000000
2883.000000
634.000000
1921.000000
2478.000000
647.000000
404.000000
1428.000000
4522.000000
4468.000000
6581.000000
6749.000000
6216.000000
7358.000000
6530.000000
1820.000000
927.000000
275.000000
1356.000000
2521.000000
3381.000000
2712.000000
1546.000000
1993.000000
221.000000
1811.000000
3468.000000
4399.000000
388.000000
607.000000
752.000000
571.000000
703.000000
727.000000
517.000000
710.000000
2243.000000
3686.000000
3809.000000
3850.000000
750.000000
126.000000
639.000000
1422.000000
1324.000000
695.000000
856.000000
320.000000
230.000000
603.000000
174.000000
908.000000
1850.000000
887.000000
981.000000
1775.000000
456.000000
403.000000
893.000000
4301.000000
6247.000000
5485.000000
6103.000000
5574.000000
1534.000000
633.000000
1969.000000
247.000000
1109.000000
2045.000000
3793.000000
1711.000000
1672.000000
3676.000000
2852.000000
483.000000
1057.000000
1559.000000
519.000000
310.000000
831.000000
781.000000
679.000000
724.000000
2137.000000
3264.000000
2236.000000
2995.000000
390.000000
1355.000000
2307.000000
1430.000000
2392.000000
1184.000000
665.000000
1117.000000
1857.000000
1231.000000
2919.000000
2743.000000
3997.000000
4749.000000
2391.000000
3144.000000
1985.000000
3248.000000
4559.000000
2252.000000
669.000000
359.000000
777.000000
1005.000000
2088.000000
189.000000
328.000000
1362.000000
2649.000000
3457.000000
1829.000000
461.000000
2492.000000
3122.000000
4164.000000
1809.000000
2968.000000
2313.000000
265.000000
243.000000
813.000000
1593.000000
823.000000
468.000000
242.000000
774.000000
2071.000000
1684.000000
714.000000
893.000000
1868.000000
382.000000
624.000000
1201.000000
521.000000
1340.000000
3596.000000
4535.000000
3350.000000
3430.000000
163.000000
236.000000
908.000000
721.000000
1357.000000
2259.000000
886.000000
1054.000000
835.000000
2569.000000
2749.000000
747.000000
848.000000
1881.000000
2140.000000
733.000000
347.000000
709.000000
2141.000000
2194.000000
3785.000000
2787.000000
1697.000000
54370.000000
28393.000000
52417.000000
53502.000000
37333.000000
5897.000000
1903.000000
1283.000000
3249.000000
707.000000
320.000000
1141.000000
3551.000000
3525.000000
5085.000000
3250.000000
2826.000000
5418.000000
1963.000000
651.000000
578.000000
807.000000
444.000000
949.000000
2932.000000
1089.000000
354.000000
689.000000
611.000000
487.000000
1356.000000
5560.000000
4232.000000
7493.000000
7603.000000
8301.000000
5361.000000
779.000000
2043.000000
3466.000000
4764.000000
5794.000000
6989.000000
5870.000000
6914.000000
5113.000000
349.000000
280.000000
1850.000000
2443.000000
2945.000000
1842.000000
385.000000
1067.000000
872.000000
1605.000000
1770.000000
2424.000000
1303.000000
1794.000000
280.000000
322.000000
835.000000
475.000000
566.000000
1377.000000
395.000000
1067.000000
1568.000000
2660.000000
968.000000
2710.000000
2000.000000
2625.000000
591.000000
1235.000000
1878.000000
504.000000
899.000000
542.000000
209.000000
898.000000
739.000000
544.000000
1452.000000
761.000000
1867.000000
2063.000000
512.000000
3095.000000
16736.000000
4561.000000
3196.000000
3969.000000
4486.000000
6415.000000
7031.000000
6001.000000
6405.000000
3368.000000
427.000000
723.000000
1139.000000
549.000000
223.000000
727.000000
269.000000
743.000000
2849.000000
3669.000000
3735.000000
5321.000000
2313.000000
266.000000
281.000000
1480.000000
3650.000000
3193.000000
3216.000000
191.000000
671.000000
1501.000000
3110.000000
2122.000000
332.000000
1033.000000
811.000000
1495.000000
307.000000
660.000000
1596.000000
2126.000000
1290.000000
380.000000
394.000000
308.000000
188.000000
291.000000
750.000000
1970.000000
6727.000000
8799.000000
7485.000000
3603.000000
3801.000000
492.000000
1266.000000
2034.000000
766.000000
593.000000
180.000000
1311.000000
415.000000
814.000000
778.000000
3588.000000
3824.000000
4894.000000
5676.000000
4353.000000
5800.000000
3352.000000
447.000000
345.000000
2212.000000
3824.000000
4933.000000
4991.000000
426.000000
689.000000
252.000000
916.000000
399.000000
1136.000000
1852.000000
485.000000
316.000000
449.000000
235.000000
903.000000
506.000000
533.000000
1152.000000
2773.000000
2578.000000
4773.000000
1807.000000
902.000000
1277.000000
453.000000
180.000000
260.000000
1840.000000
3223.000000
2569.000000
3552.000000
1468.000000
302.000000
415.000000
1578.000000
2320.000000
189.000000
228.000000
2196.000000
3943.000000
4566.000000
4405.000000
2521.000000
756.000000
1724.000000
2776.000000
3454.000000
3266.000000
860.000000
750.000000
427.000000
747.000000
1714.000000
1152.000000
2911.000000
1145.000000
374.000000
1616.000000
1210.000000
281.000000
1060.000000
2153.000000
865.000000
1849.000000
416.000000
1086.000000
1981.000000
804.000000
1594.000000
1395.000000
1951.000000
297.000000
197.000000
959.000000
972.000000
1969.000000
1628.000000
3704.000000
2112.000000
890.000000
428.000000
1584.000000
2551.000000
699.000000
1067.000000
1801.000000
682.000000
2205.000000
4398.000000
5781.000000
4540.000000
5479.000000
7196.000000
6387.000000
4343.000000
1561.000000
2258.000000
971.000000
1925.000000
325.000000
744.000000
297.000000
620.000000
595.000000
1872.000000
799.000000
3118.000000
2653.000000
3688.000000
1879.000000
483.000000
1578.000000
2691.000000
547.000000
1016.000000
1552.000000
1394.000000
2638.000000
1626.000000
948.000000
1701.000000
275.000000
739.000000
1657.000000
252.000000
949.000000
2490.000000
1495.000000
368.000000
447.000000
253.000000
951.000000
1566.000000
3261.000000
1693.000000
2634.000000
654.000000
495.000000
903.000000
340.000000
608.000000
142.000000
1101.000000
879.000000
1672.000000
1012.000000
2674.000000
2277.000000
2321.000000
595.000000
1433.000000
2074.000000
579.000000
1120.000000
1378.000000
633.000000
876.000000
536.000000
583.000000
931.000000
154.000000
2193.000000
1978.000000
3020.000000
4692.000000
5501.000000
7218.000000
6808.000000
7255.000000
6689.000000
7373.000000
8087.000000
7647.000000
6925.000000
2571.000000
4046.000000
299.000000
2279.000000
2448.000000
697.000000
1269.000000
1305.000000
1398.000000
758.000000
982.000000
2004.000000
2245.000000
459.000000
1905.000000
1956.000000
2998.000000
429.000000
332.000000
264.000000
1563.000000
2156.000000
847.000000
1653.000000
241.000000
601.000000
517.000000
2942.000000
2728.000000
1822.000000
1490.000000
169.000000
3801.000000
3344.000000
4141.000000
4979.000000
5713.000000
5398.000000
1608.000000
279.000000
230.000000
1083.000000
1519.000000
1375.000000
2435.000000
667.000000
683.000000
317.000000
587.000000
2253.000000
4004.000000
2393.000000
3190.000000
254.000000
559.000000
2489.000000
2153.000000
465.000000
149.000000
1618.000000
276.000000
251.000000
840.000000
3122.000000
1885.000000
919.000000
1202.000000
2145.000000
1860.000000
2474.000000
315.000000
251.000000
285.000000
243.000000
818.000000
252.000000
829.000000
712.000000
2116.000000
2499.000000
679.000000
1472.000000
3232.000000
2155.000000
488.000000
2357.000000
646.000000
2045.000000
2934.000000
3263.000000
1716.000000
1667.000000
2414.000000
1674.000000
411.000000
895.000000
1905.000000
2141.000000
1507.000000
313.000000
640.000000
349.000000
553.000000
3564.000000
4594.000000
20119.000000
21338.000000
2742.000000
761.000000
1205.000000
3265.000000
2027.000000
3433.000000
1632.000000
289.000000
752.000000
519.000000
700.000000
217.000000
240.000000
225.000000
236.000000
1160.000000
1616.000000
255.000000
191.000000
747.000000
1075.000000
237.000000
200.000000
995.000000
1921.000000
692.000000
663.000000
2716.000000
3984.000000
2523.000000
639.000000
821.000000
1934.000000
521.000000
2084.000000
2285.000000
451.000000
1745.000000
2944.000000
2325.000000
214.000000
1311.000000
1637.000000
619.000000
1295.000000
2154.000000
245.000000
1706.000000
158.000000
673.000000
1416.000000
1109.000000
3115.000000
380.000000
494.000000
1269.000000
222.000000
1057.000000
498.000000
306.000000
190.000000
392.000000
253.000000
285.000000
835.000000
233.000000
482.000000
341.000000
592.000000
800.000000
874.000000
2702.000000
2589.000000
373.000000
206.000000
256.000000
192.000000
986.000000
301.000000
368.000000
685.000000
1098.000000
2243.000000
4039.000000
4797.000000
3539.000000
5425.000000
5314.000000
3505.000000
1522.000000
359.000000
359.000000
401.000000
1088.000000
194.000000
779.000000
799.000000
2123.000000
3540.000000
3767.000000
4082.000000
2244.000000
501.000000
782.000000
1219.000000
493.000000
2282.000000
3082.000000
954.000000
904.000000
2643.000000
3214.000000
4039.000000
1784.000000
3465.000000
1954.000000
4701.000000
6169.000000
7587.000000
9038.000000
5565.000000
5157.000000
4169.000000
1065.000000
1200.000000
581.000000
1513.000000
665.000000
256.000000
1374.000000
1864.000000
2636.000000
2539.000000
978.000000
989.000000
1276.000000
479.000000
234.000000
315.000000
997.000000
353.000000
249.000000
610.000000
703.000000
603.000000
1260.000000
3765.000000
3647.000000
4088.000000
5691.000000
2155.000000
390.000000
318.000000
1242.000000
1618.000000
2913.000000
1258.000000
1497.000000
704.000000
500.000000
527.000000
570.000000
274.000000
1238.000000
1282.000000
861.000000
767.000000
362.000000
611.000000
1383.000000
1310.000000
474.000000
970.000000
1086.000000
364.000000
1929.000000
2672.000000
3849.000000
3806.000000
4151.000000
5618.000000
3388.000000
274.000000
380.000000
252.000000
573.000000
555.000000
298.000000
503.000000
379.000000
1023.000000
1700.000000
1980.000000
1334.000000
352.000000
456.000000
643.000000
829.000000
1388.000000
1168.000000
999.000000
2057.000000
3003.000000
4532.000000
4507.000000
3982.000000
5548.000000
1769.000000
597.000000
317.000000
1380.000000
2155.000000
281.000000
140.000000
712.000000
233.000000
654.000000
1146.000000
2381.000000
2492.000000
1777.000000
2894.000000
531.000000
1238.000000
2465.000000
232.000000
301.000000
1206.000000
896.000000
505.000000
1194.000000
2414.000000
2204.000000
1876.000000
2859.000000
1133.000000
3858.000000
3274.000000
3408.000000
168.000000
228.000000
298.000000
856.000000
746.000000
484.000000
1386.000000
3117.000000
1785.000000
732.000000
1560.000000
1446.000000
1537.000000
790.000000
1636.000000
1242.000000
631.000000
373.000000
160.000000
963.000000
881.000000
3719.000000
2634.000000
245.000000
1014.000000
2047.000000
278.000000
519.000000
1397.000000
1832.000000
478.000000
1418.000000
1122.000000
1014.000000
2242.000000
2033.000000
759.000000
676.000000
208.000000
1610.000000
3089.000000
3843.000000
3304.000000
797.000000
2116.000000
1030.000000
1608.000000
2258.000000
956.000000
2521.000000
1459.000000
1184.000000
2347.000000
498.000000
1345.000000
2563.000000
1079.000000
557.000000
721.000000
502.000000
1229.000000
2603.000000
3328.000000
4288.000000
5466.000000
3653.000000
129.000000
1405.000000
4869.000000
5474.000000
4467.000000
5151.000000
1757.000000
350.000000
672.000000
474.000000
1249.000000
3789.000000
4862.000000
5830.000000
6626.000000
5697.000000
6692.000000
7486.000000
727.000000
332.000000
694.000000
832.000000
202.000000
199.000000
939.000000
974.000000
1514.000000
595.000000
780.000000
1122.000000
3079.000000
2282.000000
2868.000000
910.000000
1813.000000
962.000000
682.000000
261.000000
550.000000
612.000000
1185.000000
440.000000
495.000000
204.000000
872.000000
1467.000000
2298.000000
4304.000000
2768.000000
3090.000000
883.000000
288.000000
1132.000000
1454.000000
304.000000
1646.000000
2715.000000
1530.000000
3949.000000
3088.000000
3458.000000
4829.000000
1737.000000
773.000000
225.000000
579.000000
344.000000
1130.000000
854.000000
172.000000
219.000000
372.000000
1768.000000
279.000000
592.000000
450.000000
1683.000000
1291.000000
1532.000000
2266.000000
3502.000000
1954.000000
860.000000
415.000000
301.000000
347.000000
159.000000
471.000000
209.000000
213.000000
665.000000
259.000000
524.000000
1280.000000
1865.000000
321.000000
832.000000
757.000000
551.000000
183.000000
212.000000
184.000000
596.000000
3514.000000
3009.000000
4353.000000
731.000000
293.000000
1678.000000
2102.000000
3454.000000
1474.000000
2499.000000
399.000000
894.000000
2454.000000
3008.000000
3801.000000
3694.000000
324.000000
489.000000
1384.000000
2653.000000
1979.000000
1943.000000
257.000000
1314.000000
2009.000000
390.000000
8061.000000
2640.000000
957.000000
192.000000
681.000000
602.000000
849.000000
654.000000
794.000000
309.000000
197.000000
1595.000000
4515.000000
6527.000000
5608.000000
6633.000000
8769.000000
6915.000000
3303.000000
4135.000000
604.000000
307.000000
174.000000
258.000000
981.000000
1241.000000
2627.000000
5147.000000
2388.000000
3692.000000
4499.000000
3026.000000
471.000000
535.000000
1187.000000
1624.000000
1411.000000
2489.000000
3100.000000
1099.000000
1746.000000
701.000000
350.000000
1302.000000
2301.000000
4936.000000
4352.000000
2989.000000
4238.000000
3562.000000
3452.000000
769.000000
6468.000000
3013.000000
1142.000000
194.000000
997.000000
954.000000
4222.000000
5408.000000
6289.000000
7086.000000
7728.000000
6410.000000
5987.000000
311.000000
1545.000000
4804.000000
6150.000000
5270.000000
6978.000000
9129.000000
9782.000000
11979.000000
10566.000000
13862.000000
15087.000000
16057.000000
14465.000000
13989.000000
15146.000000
12799.000000
440.000000
657.000000
978.000000
916.000000
657.000000
2074.000000
600.000000
1594.000000
772.000000
2114.000000
621.000000
698.000000
1749.000000
181.000000
2041.000000
2477.000000
510.000000
707.000000
662.000000
326.000000
1430.000000
1997.000000
1173.000000
2062.000000
2502.000000
3570.000000
6334.000000
6616.000000
5933.000000
4541.000000
5302.000000
300.000000
1557.000000
4089.000000
2385.000000
973.000000
2168.000000
1869.000000
496.000000
1684.000000
2098.000000
628.000000
197.000000
375.000000
431.000000
875.000000
2393.000000
5110.000000
5515.000000
4857.000000
4483.000000
2406.000000
216.000000
526.000000
1554.000000
2192.000000
1709.000000
2648.000000
160.000000
757.000000
1802.000000
1221.000000
2356.000000
1314.000000
949.000000
1043.000000
945.000000
5822.000000
864.000000
917.000000
436.000000
1112.000000
2618.000000
329.000000
737.000000
1260.000000
2261.000000
766.000000
497.000000
1215.000000
2598.000000
2648.000000
2976.000000
415.000000
1514.000000
277.000000
152.000000
365.000000
674.000000
346.000000
2994.000000
1498.000000
585.000000
1199.000000
1864.000000
1620.000000
3169.000000
3707.000000
4971.000000
487.000000
507.000000
1597.000000
3849.000000
2961.000000
1587.000000
651.000000
538.000000
450.000000
555.000000
730.000000
1492.000000
929.000000
2001.000000
3099.000000
3892.000000
4792.000000
4244.000000
860.000000
1840.000000
174.000000
612.000000
525.000000
1505.000000
3682.000000
4701.000000
5307.000000
6195.000000
7065.000000
6649.000000
4508.000000
5086.000000
179.000000
526.000000
591.000000
1232.000000
2113.000000
1006.000000
1650.000000
248.000000
617.000000
1148.000000
3425.000000
3801.000000
4323.000000
4494.000000
1684.000000
3176.000000
1770.000000
974.000000
576.000000
525.000000
831.000000
412.000000
1343.000000
1926.000000
264.000000
1113.000000
796.000000
185.000000
131.000000
241.000000
1460.000000
1847.000000
864.000000
1772.000000
477.000000
442.000000
682.000000
856.000000
2126.000000
11546.000000
847.000000
870.000000
1688.000000
1266.000000
1739.000000
1015.000000
2328.000000
2809.000000
2739.000000
3003.000000
3618.000000
4519.000000
3292.000000
183.000000
166.000000
2230.000000
2495.000000
3637.000000
15315.000000
503.000000
1109.000000
2090.000000
5104.000000
6120.000000
6699.000000
7449.000000
7148.000000
4825.000000
5737.000000
6026.000000
4666.000000
5689.000000
4313.000000
141.000000
2253.000000
322.000000
730.000000
885.000000
2217.000000
1886.000000
4164.000000
3407.000000
3528.000000
323.000000
892.000000
1217.000000
533.000000
1335.000000
2309.000000
1628.000000
1086.000000
1750.000000
2343.000000
3211.000000
3962.000000
1621.000000
814.000000
3156.000000
2224.000000
3478.000000
205.000000
2419.000000
4228.000000
5320.000000
4454.000000
5855.000000
5378.000000
3391.000000
4518.000000
343.000000
1101.000000
3687.000000
3131.000000
3937.000000
3106.000000
740.000000
449.000000
350.000000
1710.000000
4452.000000
3674.000000
3881.000000
3341.000000
3282.000000
3793.000000
2840.000000
262.000000
1024.000000
2146.000000
211.000000
896.000000
1506.000000
188.000000
1255.000000
2723.000000
2344.000000
2465.000000
1849.000000
1732.000000
503.000000
1360.000000
1749.000000
483.000000
715.000000
793.000000
791.000000
184.000000
190.000000
381.000000
1092.000000
1987.000000
961.000000
1959.000000
260.000000
253.000000
605.000000
1402.000000
1159.000000
863.000000
2680.000000
1915.000000
741.000000
243.000000
820.000000
1350.000000
524.000000
2879.000000
2547.000000
1743.000000
1185.000000
1726.000000
136.000000
210.000000
169.000000
1934.000000
2262.000000
4053.000000
1893.000000
2110.000000
731.000000
196.000000
314.000000
434.000000
750.000000
2403.000000
1240.000000
1450.000000
786.000000
1037.000000
471.000000
1690.000000
1692.000000
5200.000000
8104.000000
8385.000000
9089.000000
5089.000000
2007.000000
2134.000000
721.000000
794.000000
1191.000000
3418.000000
3168.000000
440.000000
892.000000
757.000000
729.000000
955.000000
1070.000000
747.000000
2538.000000
2096.000000
3230.000000
1528.000000
877.000000
530.000000
2008.000000
733.000000
1167.000000
2071.000000
2232.000000
2103.000000
1266.000000
1830.000000
4234.000000
2481.000000
3693.000000
680.000000
798.000000
123.000000
344.000000
822.000000
1180.000000
1566.000000
1155.000000
1624.000000
207.000000
443.000000
328.000000
999.000000
2141.000000
622.000000
1947.000000
1235.000000
1450.000000
2707.000000
1896.000000
570.000000
1338.000000
2787.000000
1651.000000
425.000000
457.000000
693.000000
1260.000000
2358.000000
1815.000000
1118.000000
1747.000000
411.000000
462.000000
317.000000
264.000000
552.000000
1106.000000
2097.000000
327.000000
222.000000
282.000000
377.000000
1599.000000
784.000000
2703.000000
3978.000000
4876.000000
5129.000000
4909.000000
4994.000000
4872.000000
7858.000000
7533.000000
9343.000000
9943.000000
10569.000000
10161.000000
11174.000000
11863.000000
12766.000000
10741.000000
5462.000000
1777.000000
1257.000000
3683.000000
2242.000000
4433.000000
2633.000000
2895.000000
1214.000000
1680.000000
328.000000
979.000000
1805.000000
821.000000
1268.000000
1898.000000
212.000000
454.000000
1895.000000
1012.000000
1294.000000
2452.000000
1386.000000
4805.000000
6117.000000
5370.000000
6572.000000
12121.000000
14348.000000
10850.000000
6158.000000
442.000000
896.000000
863.000000
1272.000000
787.000000
672.000000
294.000000
1284.000000
320.000000
1178.000000
6422.000000
2997.000000
726.000000
224.000000
194.000000
899.000000
1779.000000
891.000000
2165.000000
2372.000000
1406.000000
447.000000
1613.000000
254.000000
311.000000
1057.000000
2138.000000
499.000000
1900.000000
3294.000000
3159.000000
3949.000000
1090.000000
4777.000000
439.000000
662.000000
804.000000
309.000000
1625.000000
2849.000000
5169.000000
8342.000000
9263.000000
10013.000000
3942.000000
1150.000000
2401.000000
1619.000000
767.000000
1964.000000
218.000000
525.000000
1416.000000
2356.000000
2926.000000
291.000000
264.000000
1077.000000
1903.000000
2108.000000
426.000000
1452.000000
3330.000000
3638.000000
4305.000000
3362.000000
4163.000000
300.000000
382.000000
2126.000000
2803.000000
2738.000000
527.000000
2001.000000
1903.000000
443.000000
1964.000000
3927.000000
3844.000000
5504.000000
6866.000000
7993.000000
7830.000000
7579.000000
5242.000000
4315.000000
304.000000
2856.000000
446.000000
271.000000
2127.000000
2920.000000
4810.000000
2858.000000
1957.000000
812.000000
664.000000
1356.000000
2447.000000
1444.000000
304.000000
165.000000
144.000000
250.000000
99.000000
704.000000
563.000000
1163.000000
1949.000000
557.000000
698.000000
1407.000000
583.000000
771.000000
1492.000000
547.000000
1118.000000
2417.000000
216.000000
569.000000
647.000000
645.000000
1656.000000
3151.000000
3241.000000
3983.000000
3011.000000
414.000000
290.000000
646.000000
1115.000000
2341.000000
1051.000000
919.000000
1245.000000
691.000000
1003.000000
4321.000000
4158.000000
4907.000000
4749.000000
5751.000000
3398.000000
1196.000000
2179.000000
2238.000000
516.000000
688.000000
2182.000000
4056.000000
5038.000000
3896.000000
4650.000000
4495.000000
473.000000
768.000000
625.000000
498.000000
1165.000000
981.000000
548.000000
2981.000000
3488.000000
3990.000000
1329.000000
941.000000
311.000000
1074.000000
910.000000
1368.000000
1529.000000
3048.000000
3374.000000
3405.000000
2818.000000
4654.000000
2727.000000
3824.000000
1844.000000
172.000000
857.000000
173.000000
1214.000000
327.000000
923.000000
213.000000
1015.000000
3311.000000
2919.000000
3453.000000
2947.000000
2936.000000
162.000000
2732.000000
2791.000000
1174.000000
180.000000
1725.000000
1996.000000
1582.000000
1434.000000
777.000000
346.000000
791.000000
3388.000000
2597.000000
569.000000
1455.000000
1427.000000
4743.000000
4218.000000
5574.000000
1104.000000
367.000000
757.000000
The average waiting time  is :  2304.808750 
