4 , 4 18578.000000
24190.000000
6042.000000
42588.000000
50252.000000
25664.000000
28141.000000
18277.000000
6565.000000
35333.000000
41841.000000
30713.000000
2835.000000
13600.000000
21192.000000
21868.000000
19404.000000
8676.000000
20747.000000
27546.000000
38972.000000
37299.000000
46085.000000
14125.000000
17341.000000
23100.000000
33714.000000
4719.000000
6573.000000
3282.000000
5825.000000
8668.000000
5789.000000
20500.000000
23518.000000
33680.000000
47095.000000
40111.000000
47142.000000
52198.000000
60535.000000
49419.000000
45606.000000
47559.000000
25893.000000
33839.000000
29336.000000
31340.000000
35571.000000
37635.000000
40349.000000
37399.000000
41980.000000
47144.000000
52554.000000
59649.000000
49877.000000
39427.000000
37187.000000
17322.000000
2461.000000
7128.000000
13720.000000
18998.000000
14812.000000
5027.000000
4531.000000
15676.000000
30114.000000
36834.000000
40277.000000
45261.000000
51339.000000
54047.000000
52974.000000
59778.000000
72107.000000
79205.000000
86845.000000
84594.000000
81239.000000
72735.000000
71374.000000
67771.000000
76246.000000
78600.000000
85644.000000
98553.000000
111267.000000
111789.000000
111199.000000
110298.000000
125682.000000
131991.000000
122421.000000
125475.000000
127170.000000
124410.000000
128442.000000
127132.000000
130861.000000
135305.000000
130084.000000
134682.000000
134127.000000
128671.000000
128807.000000
100945.000000
97500.000000
100539.000000
62740.000000
42105.000000
1105.000000
966.000000
719.000000
3393.000000
14456.000000
18253.000000
19424.000000
18042.000000
23451.000000
11776.000000
15456.000000
18405.000000
15740.000000
19689.000000
20653.000000
14384.000000
15319.000000
13994.000000
18353.000000
21599.000000
24157.000000
25448.000000
26368.000000
21678.000000
7355.000000
867.000000
1518.000000
3069.000000
4118.000000
6028.000000
4596.000000
5507.000000
2854.000000
3427.000000
3012.000000
8936.000000
2641.000000
6717.000000
19707.000000
24778.000000
31897.000000
30162.000000
32906.000000
40485.000000
45431.000000
55282.000000
58585.000000
50648.000000
45379.000000
38570.000000
30407.000000
5629.000000
5858.000000
2621.000000
4006.000000
2951.000000
671.000000
887.000000
1030.000000
1808.000000
3541.000000
1820.000000
956.000000
2247.000000
15042.000000
18409.000000
19391.000000
28862.000000
31661.000000
23618.000000
25844.000000
24333.000000
30062.000000
41683.000000
43542.000000
23026.000000
32174.000000
31250.000000
38553.000000
41736.000000
47450.000000
38740.000000
41565.000000
38079.000000
40039.000000
45042.000000
39966.000000
37752.000000
13838.000000
23068.000000
26326.000000
32338.000000
26501.000000
52144.000000
59878.000000
63032.000000
63576.000000
69841.000000
66756.000000
77201.000000
61120.000000
71905.000000
76227.000000
79809.000000
84540.000000
86536.000000
93048.000000
101433.000000
110102.000000
111399.000000
117663.000000
128511.000000
164377.000000
173971.000000
189431.000000
195281.000000
206781.000000
212211.000000
224689.000000
242663.000000
234524.000000
229180.000000
231288.000000
231533.000000
235241.000000
199966.000000
201258.000000
193370.000000
191461.000000
189408.000000
189240.000000
187982.000000
192356.000000
186626.000000
190430.000000
195534.000000
200555.000000
204508.000000
210396.000000
210949.000000
211957.000000
210532.000000
216773.000000
221224.000000
231454.000000
235439.000000
243033.000000
245703.000000
255784.000000
261892.000000
275559.000000
274072.000000
278506.000000
267803.000000
272904.000000
270254.000000
279040.000000
283678.000000
288775.000000
290279.000000
296985.000000
311778.000000
314558.000000
319074.000000
336585.000000
313437.000000
317823.000000
326262.000000
319361.000000
318701.000000
305391.000000
280362.000000
276391.000000
290098.000000
295465.000000
290321.000000
293612.000000
285977.000000
277571.000000
279669.000000
279303.000000
279398.000000
274699.000000
274961.000000
279570.000000
286079.000000
291692.000000
300758.000000
278832.000000
279065.000000
280268.000000
281201.000000
286582.000000
300766.000000
306960.000000
313772.000000
317092.000000
320608.000000
406081.000000
419473.000000
425513.000000
430845.000000
438760.000000
443942.000000
450989.000000
456562.000000
453575.000000
461524.000000
467484.000000
470585.000000
479143.000000
494795.000000
495877.000000
499892.000000
497621.000000
503197.000000
511798.000000
516468.000000
521870.000000
540195.000000
538962.000000
530252.000000
525502.000000
530795.000000
527767.000000
538380.000000
552800.000000
556060.000000
559292.000000
565851.000000
568014.000000
570144.000000
560437.000000
542813.000000
519687.000000
524753.000000
538817.000000
545168.000000
554944.000000
557211.000000
555813.000000
559310.000000
555447.000000
568448.000000
574307.000000
582023.000000
593353.000000
598395.000000
611039.000000
616989.000000
623246.000000
632248.000000
644566.000000
638256.000000
647003.000000
644500.000000
653586.000000
663344.000000
673807.000000
677789.000000
670114.000000
552476.000000
549079.000000
551133.000000
557724.000000
529883.000000
531612.000000
530905.000000
545727.000000
559664.000000
573842.000000
566006.000000
569076.000000
567518.000000
542956.000000
542279.000000
542669.000000
549559.000000
554050.000000
559465.000000
560663.000000
568895.000000
575473.000000
584189.000000
588288.000000
601788.000000
608582.000000
618592.000000
622739.000000
613336.000000
603881.000000
598914.000000
600968.000000
593668.000000
602967.000000
612082.000000
621527.000000
627621.000000
636193.000000
645138.000000
678952.000000
683760.000000
677847.000000
682519.000000
691544.000000
695979.000000
687137.000000
681232.000000
687423.000000
681139.000000
675338.000000
671951.000000
649658.000000
648043.000000
648650.000000
656054.000000
664014.000000
669444.000000
675819.000000
679435.000000
684594.000000
684218.000000
674579.000000
663210.000000
656574.000000
658750.000000
648939.000000
649654.000000
647158.000000
655631.000000
657169.000000
656281.000000
659240.000000
663837.000000
670303.000000
672052.000000
675006.000000
680377.000000
682396.000000
687847.000000
672900.000000
668795.000000
669951.000000
673307.000000
670649.000000
658482.000000
656364.000000
661725.000000
667781.000000
667911.000000
664556.000000
663324.000000
663837.000000
656765.000000
659177.000000
655518.000000
657571.000000
660568.000000
660769.000000
663230.000000
634268.000000
632372.000000
643177.000000
642618.000000
643930.000000
641999.000000
647654.000000
653118.000000
658560.000000
653815.000000
646749.000000
650788.000000
648389.000000
648302.000000
652097.000000
662112.000000
665292.000000
667940.000000
638094.000000
635101.000000
638826.000000
645499.000000
647835.000000
649951.000000
640104.000000
640405.000000
645766.000000
646696.000000
649323.000000
635134.000000
640821.000000
644842.000000
650776.000000
657561.000000
662623.000000
665099.000000
668583.000000
670892.000000
675528.000000
676569.000000
674890.000000
679269.000000
686680.000000
698973.000000
704980.000000
711820.000000
716099.000000
717637.000000
717385.000000
712083.000000
718200.000000
713509.000000
714874.000000
722180.000000
730785.000000
742519.000000
749544.000000
757702.000000
753261.000000
764172.000000
765696.000000
770283.000000
754160.000000
747228.000000
749789.000000
745385.000000
726261.000000
729932.000000
727509.000000
726947.000000
710795.000000
702907.000000
698953.000000
694566.000000
703909.000000
701497.000000
691689.000000
678890.000000
675854.000000
683545.000000
689532.000000
696094.000000
604587.000000
600833.000000
604053.000000
603127.000000
558586.000000
560500.000000
562326.000000
565265.000000
570094.000000
572565.000000
575178.000000
583485.000000
587030.000000
587885.000000
591378.000000
595298.000000
592143.000000
594437.000000
599056.000000
602866.000000
599344.000000
578777.000000
577279.000000
579897.000000
580849.000000
572339.000000
577393.000000
574374.000000
573706.000000
515571.000000
524188.000000
526868.000000
529846.000000
509686.000000
501382.000000
502303.000000
510843.000000
507703.000000
502547.000000
501007.000000
504093.000000
511690.000000
515764.000000
519304.000000
524187.000000
534303.000000
555987.000000
562349.000000
555497.000000
606504.000000
608187.000000
613486.000000
611398.000000
605929.000000
596824.000000
600218.000000
599500.000000
604734.000000
608107.000000
611650.000000
592094.000000
589419.000000
591225.000000
578941.000000
574685.000000
542467.000000
539813.000000
547615.000000
550681.000000
540971.000000
540864.000000
533366.000000
534721.000000
531072.000000
522060.000000
521156.000000
530972.000000
527565.000000
490630.000000
458595.000000
476562.000000
473137.000000
480700.000000
482858.000000
494968.000000
498339.000000
508009.000000
489322.000000
493508.000000
494034.000000
494465.000000
496730.000000
498755.000000
471465.000000
471768.000000
490097.000000
491246.000000
483983.000000
484315.000000
483976.000000
480450.000000
480297.000000
479785.000000
479772.000000
472449.000000
461365.000000
458789.000000
455806.000000
453830.000000
451043.000000
449675.000000
442512.000000
435521.000000
432533.000000
328582.000000
280478.000000
265784.000000
244768.000000
229959.000000
222287.000000
220794.000000
202915.000000
196508.000000
194219.000000
192425.000000
193123.000000
194706.000000
194191.000000
193125.000000
180211.000000
183310.000000
184499.000000
186120.000000
183944.000000
177962.000000
170829.000000
171696.000000
169569.000000
169047.000000
166149.000000
165716.000000
162709.000000
150976.000000
151372.000000
152545.000000
153428.000000
154424.000000
155318.000000
156933.000000
157656.000000
159532.000000
160393.000000
153628.000000
154521.000000
156896.000000
159687.000000
160508.000000
123100.000000
99830.000000
97891.000000
96527.000000
97593.000000
100154.000000
99252.000000
100124.000000
101775.000000
103130.000000
104112.000000
106154.000000
109074.000000
111264.000000
110789.000000
112140.000000
111012.000000
110806.000000
105506.000000
100533.000000
101995.000000
101662.000000
97614.000000
95080.000000
95478.000000
92031.000000
91190.000000
89918.000000
88237.000000
88810.000000
89607.000000
89148.000000
91936.000000
93044.000000
93981.000000
94328.000000
92171.000000
71284.000000
67813.000000
67450.000000
68478.000000
70302.000000
72863.000000
72655.000000
73321.000000
74356.000000
75278.000000
75944.000000
68326.000000
64672.000000
61682.000000
60669.000000
62167.000000
67087.000000
70472.000000
71233.000000
70620.000000
67981.000000
63739.000000
65610.000000
61560.000000
62541.000000
56285.000000
56447.000000
58101.000000
58189.000000
54608.000000
48550.000000
48331.000000
49113.000000
49886.000000
51532.000000
52143.000000
53176.000000
54666.000000
55329.000000
56706.000000
59736.000000
59646.000000
48927.000000
48070.000000
48571.000000
49841.000000
50158.000000
50336.000000
52791.000000
54535.000000
56206.000000
56098.000000
57564.000000
58699.000000
61010.000000
62890.000000
61710.000000
59251.000000
59576.000000
60094.000000
61289.000000
60927.000000
58629.000000
59066.000000
61298.000000
61321.000000
62543.000000
63226.000000
46510.000000
37178.000000
37479.000000
37607.000000
39611.000000
40395.000000
39168.000000
39265.000000
38139.000000
36930.000000
37548.000000
37026.000000
37492.000000
33321.000000
33896.000000
34685.000000
28099.000000
27190.000000
30087.000000
30290.000000
31867.000000
32626.000000
34708.000000
33980.000000
33207.000000
34626.000000
35421.000000
36177.000000
30873.000000
30367.000000
32335.000000
33511.000000
35012.000000
36278.000000
37176.000000
39243.000000
42591.000000
41167.000000
41971.000000
43274.000000
43907.000000
42552.000000
43932.000000
44916.000000
46438.000000
49398.000000
51857.000000
52758.000000
53516.000000
51198.000000
52944.000000
52656.000000
51273.000000
47995.000000
46320.000000
45462.000000
47387.000000
50311.000000
52511.000000
53488.000000
55311.000000
58074.000000
60390.000000
61346.000000
62450.000000
61856.000000
64083.000000
66660.000000
69749.000000
72220.000000
70575.000000
71595.000000
72368.000000
68615.000000
62518.000000
60763.000000
56623.000000
54752.000000
53233.000000
49672.000000
48008.000000
48145.000000
47178.000000
45458.000000
44129.000000
44702.000000
43667.000000
42545.000000
41548.000000
41914.000000
43288.000000
44547.000000
58107.000000
61131.000000
63601.000000
66524.000000
68574.000000
69503.000000
70736.000000
72207.000000
71221.000000
70822.000000
72726.000000
72626.000000
74149.000000
75067.000000
76747.000000
79407.000000
80172.000000
81399.000000
82218.000000
84178.000000
86461.000000
87277.000000
88177.000000
90299.000000
91091.000000
93105.000000
92293.000000
93732.000000
94497.000000
93514.000000
90107.000000
89636.000000
90990.000000
79224.000000
60294.000000
58530.000000
57532.000000
59006.000000
57990.000000
53276.000000
53778.000000
51423.000000
50049.000000
48961.000000
49905.000000
49300.000000
49401.000000
49942.000000
50797.000000
50214.000000
48908.000000
46049.000000
47210.000000
45042.000000
43010.000000
43599.000000
37765.000000
35457.000000
30808.000000
28835.000000
28151.000000
30884.000000
32582.000000
34153.000000
35057.000000
36167.000000
37647.000000
38343.000000
38762.000000
31343.000000
28988.000000
25471.000000
18742.000000
18983.000000
20309.000000
20679.000000
22051.000000
20896.000000
14017.000000
9591.000000
8914.000000
7287.000000
9345.000000
10063.000000
12493.000000
15425.000000
12171.000000
9504.000000
8602.000000
10281.000000
10119.000000
10452.000000
11548.000000
12363.000000
12952.000000
10649.000000
10076.000000
10907.000000
5993.000000
5079.000000
6687.000000
7605.000000
10767.000000
12566.000000
13840.000000
17193.000000
18096.000000
18327.000000
17376.000000
15913.000000
17518.000000
19445.000000
20698.000000
22651.000000
23511.000000
23516.000000
21491.000000
23175.000000
24037.000000
24579.000000
27294.000000
28455.000000
29926.000000
30604.000000
31668.000000
32108.000000
29975.000000
28387.000000
28058.000000
25776.000000
26070.000000
25615.000000
24437.000000
24938.000000
25139.000000
23172.000000
23766.000000
24968.000000
26364.000000
28733.000000
29788.000000
30965.000000
30395.000000
20456.000000
20651.000000
24185.000000
24780.000000
26070.000000
27643.000000
28721.000000
29757.000000
31232.000000
32166.000000
22917.000000
23006.000000
19989.000000
21518.000000
21394.000000
23230.000000
24063.000000
23301.000000
23870.000000
24872.000000
26953.000000
29260.000000
25635.000000
25290.000000
27595.000000
28899.000000
27405.000000
29322.000000
30151.000000
30795.000000
29469.000000
31154.000000
33395.000000
30197.000000
29953.000000
30636.000000
30350.000000
30940.000000
32747.000000
33919.000000
35692.000000
36762.000000
38237.000000
40029.000000
40880.000000
40090.000000
41737.000000
42582.000000
42771.000000
42691.000000
43620.000000
44450.000000
46642.000000
41335.000000
40786.000000
42182.000000
43887.000000
44240.000000
42965.000000
40240.000000
37610.000000
33755.000000
34874.000000
35662.000000
37340.000000
38736.000000
41069.000000
44307.000000
46947.000000
48170.000000
50305.000000
49251.000000
50960.000000
51746.000000
53733.000000
56209.000000
58333.000000
59743.000000
61410.000000
60997.000000
57270.000000
56216.000000
56449.000000
56122.000000
56927.000000
54534.000000
55051.000000
54504.000000
56597.000000
57876.000000
59158.000000
53317.000000
55062.000000
51018.000000
50085.000000
50955.000000
52702.000000
56232.000000
60032.000000
62006.000000
63096.000000
64706.000000
66859.000000
67316.000000
69201.000000
70045.000000
71380.000000
73499.000000
77041.000000
77117.000000
78487.000000
79489.000000
81054.000000
82046.000000
83035.000000
80762.000000
78392.000000
76343.000000
76871.000000
77399.000000
76788.000000
72371.000000
76340.000000
76106.000000
81480.000000
86607.000000
87729.000000
89378.000000
89695.000000
82228.000000
80074.000000
79629.000000
78937.000000
74991.000000
76227.000000
75345.000000
76409.000000
77575.000000
78256.000000
79173.000000
80040.000000
80723.000000
81731.000000
83029.000000
83657.000000
82144.000000
82740.000000
83257.000000
83886.000000
83693.000000
85535.000000
81352.000000
81905.000000
80738.000000
83818.000000
85288.000000
83360.000000
83894.000000
83895.000000
84972.000000
86217.000000
86393.000000
86167.000000
87054.000000
88352.000000
89015.000000
91307.000000
92374.000000
93163.000000
90699.000000
85225.000000
83025.000000
82148.000000
90585.000000
92996.000000
92779.000000
94108.000000
94848.000000
96985.000000
97576.000000
96514.000000
95598.000000
96597.000000
100660.000000
102393.000000
104235.000000
105706.000000
110710.000000
111693.000000
111584.000000
112063.000000
112567.000000
112282.000000
112197.000000
109359.000000
107913.000000
106591.000000
107942.000000
88863.000000
89136.000000
88640.000000
90326.000000
92889.000000
93877.000000
94742.000000
93935.000000
93203.000000
95225.000000
98287.000000
89810.000000
89185.000000
90131.000000
91402.000000
92983.000000
93577.000000
92467.000000
92588.000000
93902.000000
93673.000000
94357.000000
84169.000000
82077.000000
80419.000000
76928.000000
76379.000000
77717.000000
82636.000000
84416.000000
85950.000000
86001.000000
85879.000000
88341.000000
89798.000000
90830.000000
92423.000000
89921.000000
90166.000000
91011.000000
90944.000000
82011.000000
77627.000000
76512.000000
78023.000000
80805.000000
82883.000000
84215.000000
87062.000000
88423.000000
90387.000000
91594.000000
91568.000000
92524.000000
93264.000000
96501.000000
99262.000000
102269.000000
108081.000000
108983.000000
110112.000000
109420.000000
109628.000000
112656.000000
114047.000000
116229.000000
111630.000000
112746.000000
112808.000000
107167.000000
106519.000000
107883.000000
108742.000000
109526.000000
111665.000000
112373.000000
116426.000000
111101.000000
112976.000000
111802.000000
112720.000000
115357.000000
116489.000000
117254.000000
118497.000000
120686.000000
121696.000000
122696.000000
123378.000000
124513.000000
124442.000000
125036.000000
127839.000000
127038.000000
129423.000000
132085.000000
132866.000000
134049.000000
134479.000000
137694.000000
138966.000000
140488.000000
141626.000000
140764.000000
141812.000000
141087.000000
142799.000000
145279.000000
146357.000000
149500.000000
148707.000000
150120.000000
147661.000000
141940.000000
140945.000000
140617.000000
141884.000000
142804.000000
144938.000000
146755.000000
150149.000000
151812.000000
153459.000000
152713.000000
155748.000000
158620.000000
159704.000000
158473.000000
160138.000000
161907.000000
163197.000000
164238.000000
165347.000000
158284.000000
157480.000000
159336.000000
159267.000000
160540.000000
163491.000000
163253.000000
164428.000000
165643.000000
166812.000000
167761.000000
169714.000000
172983.000000
175567.000000
176544.000000
178670.000000
179172.000000
181233.000000
183591.000000
186480.000000
187508.000000
189029.000000
191933.000000
192690.000000
194068.000000
194947.000000
196230.000000
197483.000000
198978.000000
199980.000000
200101.000000
201004.000000
201377.000000
204138.000000
205934.000000
206725.000000
203062.000000
202684.000000
203193.000000
202662.000000
202304.000000
201026.000000
203755.000000
206578.000000
209170.000000
211638.000000
214488.000000
216668.000000
217203.000000
218439.000000
219124.000000
215955.000000
215092.000000
216997.000000
216616.000000
217762.000000
215704.000000
210597.000000
209272.000000
211177.000000
212515.000000
213856.000000
215492.000000
217067.000000
217668.000000
219238.000000
210055.000000
208912.000000
206167.000000
205304.000000
207710.000000
209687.000000
211998.000000
213269.000000
213704.000000
210598.000000
211124.000000
212084.000000
215525.000000
215623.000000
214862.000000
215877.000000
213151.000000
215261.000000
217081.000000
219959.000000
221039.000000
219399.000000
219291.000000
220928.000000
222307.000000
222598.000000
223082.000000
222430.000000
221839.000000
222577.000000
221208.000000
220449.000000
218948.000000
220311.000000
214515.000000
215481.000000
213987.000000
214934.000000
216668.000000
218792.000000
214085.000000
207150.000000
207291.000000
209683.000000
210641.000000
212180.000000
211950.000000
206147.000000
204932.000000
207246.000000
206869.000000
208306.000000
206546.000000
206939.000000
206725.000000
208039.000000
209116.000000
209682.000000
210873.000000
211888.000000
211745.000000
211203.000000
212435.000000
213606.000000
214167.000000
213906.000000
213792.000000
209322.000000
207922.000000
208160.000000
199992.000000
198821.000000
199436.000000
198114.000000
208692.000000
200253.000000
201016.000000
202355.000000
202268.000000
200846.000000
202456.000000
202951.000000
203942.000000
204698.000000
205210.000000
205776.000000
208394.000000
209810.000000
212816.000000
211705.000000
210528.000000
210202.000000
212645.000000
214977.000000
219113.000000
221377.000000
224219.000000
224788.000000
225718.000000
223392.000000
222565.000000
225630.000000
226983.000000
228030.000000
228346.000000
231381.000000
232682.000000
235211.000000
237303.000000
238629.000000
240330.000000
241372.000000
243102.000000
237598.000000
239514.000000
235781.000000
235338.000000
236475.000000
235348.000000
233094.000000
233022.000000
233175.000000
235272.000000
236678.000000
238904.000000
240975.000000
243699.000000
245350.000000
247116.000000
248201.000000
247178.000000
250800.000000
251029.000000
253107.000000
254619.000000
254379.000000
255246.000000
254197.000000
254636.000000
256786.000000
254564.000000
254718.000000
256400.000000
257593.000000
253593.000000
252664.000000
254229.000000
255528.000000
258502.000000
259906.000000
261450.000000
262877.000000
264670.000000
265952.000000
268259.000000
269709.000000
270922.000000
272834.000000
272020.000000
273071.000000
276255.000000
279279.000000
281066.000000
283637.000000
286621.000000
288779.000000
290096.000000
292412.000000
294758.000000
298048.000000
300366.000000
301900.000000
301015.000000
301865.000000
303446.000000
305601.000000
309149.000000
310782.000000
313269.000000
315298.000000
312728.000000
310976.000000
312940.000000
315466.000000
316924.000000
318043.000000
315413.000000
316522.000000
313338.000000
298572.000000
294521.000000
295437.000000
296099.000000
295961.000000
293861.000000
296117.000000
297975.000000
300668.000000
300767.000000
299735.000000
301659.000000
302566.000000
305434.000000
307309.000000
308308.000000
309348.000000
303683.000000
302528.000000
304603.000000
305495.000000
307124.000000
308203.000000
308232.000000
309577.000000
311498.000000
310946.000000
311063.000000
288959.000000
260422.000000
261370.000000
261080.000000
260416.000000
256259.000000
257058.000000
259510.000000
261733.000000
260464.000000
262480.000000
262430.000000
265024.000000
267635.000000
268901.000000
270770.000000
273292.000000
279376.000000
281388.000000
284327.000000
285841.000000
287314.000000
287850.000000
285948.000000
287440.000000
288649.000000
289854.000000
290938.000000
293033.000000
294424.000000
295983.000000
297044.000000
296474.000000
295349.000000
295835.000000
293891.000000
294587.000000
296354.000000
297117.000000
298128.000000
299441.000000
301735.000000
303742.000000
304854.000000
306038.000000
306963.000000
307981.000000
307844.000000
307874.000000
306212.000000
307075.000000
308186.000000
308499.000000
305303.000000
304293.000000
305455.000000
306103.000000
303922.000000
306197.000000
307355.000000
306179.000000
307009.000000
305548.000000
303580.000000
303823.000000
303595.000000
304953.000000
305882.000000
309543.000000
305530.000000
303734.000000
304288.000000
303981.000000
305924.000000
304902.000000
307885.000000
307545.000000
308551.000000
308404.000000
309560.000000
310664.000000
313042.000000
318104.000000
319122.000000
321207.000000
322724.000000
322332.000000
321141.000000
321275.000000
322797.000000
324002.000000
325319.000000
330194.000000
331531.000000
328196.000000
329318.000000
329957.000000
330479.000000
325720.000000
326196.000000
328727.000000
328502.000000
327313.000000
327241.000000
323117.000000
322947.000000
322887.000000
325311.000000
326749.000000
319154.000000
315976.000000
314089.000000
313025.000000
315627.000000
314304.000000
314563.000000
315627.000000
315271.000000
315388.000000
315237.000000
313504.000000
315619.000000
319431.000000
323334.000000
325890.000000
328741.000000
334006.000000
334175.000000
337086.000000
340100.000000
341734.000000
342894.000000
345623.000000
346098.000000
347269.000000
349362.000000
350178.000000
351970.000000
352220.000000
353440.000000
349203.000000
349348.000000
350448.000000
351912.000000
352515.000000
349800.000000
349300.000000
350295.000000
351057.000000
362670.000000
361953.000000
364644.000000
365885.000000
367720.000000
369045.000000
370561.000000
372351.000000
373407.000000
369955.000000
369851.000000
370064.000000
370086.000000
373139.000000
375015.000000
371100.000000
371817.000000
375532.000000
374420.000000
375916.000000
378287.000000
380077.000000
381603.000000
383560.000000
384711.000000
387316.000000
387898.000000
388232.000000
386838.000000
384664.000000
382511.000000
379872.000000
380077.000000
377900.000000
379030.000000
380662.000000
375399.000000
376666.000000
377025.000000
376412.000000
377856.000000
375785.000000
376071.000000
376502.000000
375449.000000
377807.000000
377779.000000
379613.000000
380184.000000
376113.000000
377444.000000
378570.000000
380362.000000
382557.000000
384779.000000
385515.000000
386809.000000
387348.000000
387509.000000
388666.000000
391086.000000
390221.000000
390994.000000
391545.000000
392322.000000
394043.000000
393123.000000
393636.000000
395227.000000
395657.000000
396711.000000
393807.000000
394441.000000
391840.000000
392259.000000
377375.000000
376157.000000
373951.000000
371476.000000
366592.000000
365302.000000
366789.000000
369264.000000
372084.000000
369129.000000
366762.000000
366726.000000
368596.000000
367612.000000
367250.000000
365877.000000
367186.000000
368741.000000
369368.000000
369518.000000
370351.000000
372141.000000
374382.000000
369905.000000
371498.000000
372831.000000
374381.000000
375115.000000
373635.000000
375484.000000
378924.000000
380547.000000
382973.000000
383463.000000
382209.000000
383134.000000
384176.000000
383843.000000
385394.000000
382335.000000
382127.000000
383286.000000
385664.000000
386520.000000
387801.000000
390683.000000
392392.000000
390241.000000
392668.000000
393455.000000
394945.000000
397911.000000
393543.000000
391896.000000
393841.000000
394033.000000
394209.000000
394564.000000
394241.000000
396088.000000
397246.000000
398053.000000
399073.000000
400354.000000
401856.000000
404862.000000
406358.000000
399422.000000
398586.000000
400033.000000
400891.000000
402268.000000
403283.000000
406301.000000
408326.000000
409746.000000
410289.000000
403367.000000
403080.000000
403975.000000
403697.000000
406282.000000
408888.000000
412393.000000
413214.000000
415565.000000
418350.000000
421017.000000
419544.000000
422759.000000
424084.000000
423115.000000
424496.000000
422928.000000
423997.000000
423086.000000
420571.000000
418874.000000
416937.000000
418344.000000
421234.000000
422401.000000
422329.000000
422777.000000
423383.000000
424132.000000
425855.000000
425280.000000
426270.000000
428469.000000
428330.000000
430950.000000
433325.000000
432603.000000
434159.000000
435116.000000
437206.000000
440129.000000
442085.000000
444020.000000
445414.000000
450448.000000
451658.000000
453177.000000
454385.000000
456767.000000
455219.000000
454373.000000
454850.000000
455942.000000
458542.000000
459501.000000
460267.000000
463438.000000
466226.000000
466797.000000
467236.000000
465194.000000
465820.000000
467148.000000
468388.000000
469148.000000
468926.000000
470938.000000
472720.000000
473974.000000
475306.000000
475995.000000
478776.000000
481286.000000
482475.000000
484746.000000
485086.000000
486346.000000
483800.000000
484292.000000
479192.000000
479069.000000
479976.000000
481781.000000
483134.000000
484180.000000
482391.000000
485284.000000
486386.000000
487528.000000
486712.000000
489865.000000
485155.000000
471852.000000
471466.000000
472476.000000
474025.000000
475348.000000
477619.000000
479660.000000
480221.000000
480534.000000
478026.000000
476990.000000
477841.000000
475599.000000
475742.000000
476951.000000
478036.000000
479068.000000
480738.000000
481772.000000
484424.000000
487863.000000
490835.000000
492304.000000
496873.000000
499889.000000
502552.000000
501947.000000
502901.000000
502885.000000
503790.000000
510629.000000
511204.000000
513082.000000
513523.000000
514031.000000
515945.000000
516424.000000
517941.000000
518452.000000
521194.000000
520153.000000
518624.000000
518442.000000
517598.000000
518537.000000
519076.000000
520290.000000
522802.000000
524380.000000
537861.000000
535719.000000
537099.000000
535631.000000
532925.000000
535338.000000
534414.000000
535049.000000
535526.000000
538141.000000
540330.000000
543584.000000
549302.000000
550316.000000
549877.000000
552903.000000
553478.000000
555017.000000
556127.000000
557916.000000
558857.000000
560038.000000
560531.000000
562699.000000
565022.000000
566935.000000
568742.000000
570593.000000
573523.000000
574623.000000
575288.000000
575652.000000
577969.000000
578521.000000
581339.000000
581962.000000
582980.000000
584511.000000
584140.000000
582950.000000
578280.000000
579949.000000
580822.000000
582656.000000
588426.000000
590058.000000
592027.000000
592621.000000
594135.000000
592801.000000
593304.000000
593116.000000
592000.000000
593149.000000
592750.000000
594086.000000
595774.000000
596987.000000
598052.000000
599707.000000
592218.000000
590626.000000
591989.000000
591941.000000
592354.000000
586864.000000
587928.000000
587010.000000
586763.000000
588836.000000
591467.000000
593166.000000
593613.000000
592315.000000
582385.000000
576016.000000
577602.000000
577005.000000
579302.000000
580542.000000
581148.000000
578457.000000
579828.000000
581808.000000
582780.000000
583675.000000
576566.000000
578423.000000
577788.000000
578232.000000
575948.000000
576487.000000
576188.000000
576616.000000
577399.000000
577029.000000
571945.000000
567936.000000
569742.000000
569046.000000
570020.000000
571998.000000
574029.000000
578351.000000
579633.000000
579505.000000
580626.000000
583021.000000
584246.000000
585371.000000
581596.000000
580689.000000
581779.000000
583488.000000
586005.000000
586724.000000
586892.000000
586552.000000
585931.000000
581567.000000
578630.000000
579044.000000
579953.000000
580635.000000
575789.000000
579360.000000
580258.000000
580502.000000
579855.000000
580532.000000
582815.000000
586279.000000
585257.000000
585815.000000
587532.000000
588657.000000
589734.000000
588989.000000
582965.000000
583732.000000
584729.000000
585025.000000
582987.000000
579043.000000
577972.000000
576583.000000
578284.000000
580939.000000
580495.000000
582933.000000
585710.000000
586905.000000
587659.000000
589103.000000
590394.000000
590406.000000
590753.000000
592319.000000
591367.000000
589560.000000
589840.000000
588062.000000
588903.000000
589819.000000
589998.000000
591258.000000
592796.000000
595038.000000
596019.000000
597940.000000
599036.000000
601222.000000
601414.000000
598169.000000
599428.000000
604261.000000
607324.000000
608141.000000
609833.000000
610913.000000
612102.000000
613354.000000
610702.000000
612971.000000
616009.000000
617784.000000
618658.000000
619172.000000
621401.000000
623661.000000
627991.000000
629454.000000
621400.000000
621017.000000
624187.000000
623709.000000
624946.000000
627550.000000
631438.000000
629523.000000
631977.000000
634849.000000
631774.000000
629425.000000
628080.000000
625916.000000
620731.000000
620301.000000
622307.000000
624297.000000
623559.000000
624363.000000
622690.000000
621865.000000
622037.000000
623045.000000
623519.000000
625216.000000
621642.000000
623392.000000
624654.000000
626082.000000
626808.000000
627951.000000
629369.000000
631859.000000
632542.000000
635365.000000
633050.000000
633022.000000
635891.000000
637299.000000
638268.000000
637196.000000
639707.000000
640888.000000
641703.000000
641228.000000
643392.000000
644303.000000
647980.000000
649729.000000
651760.000000
653007.000000
654483.000000
655872.000000
655751.000000
658083.000000
650530.000000
650067.000000
651622.000000
649412.000000
649309.000000
650030.000000
648984.000000
649951.000000
652063.000000
653981.000000
651677.000000
651387.000000
653801.000000
655148.000000
656785.000000
659514.000000
660706.000000
662768.000000
650909.000000
652126.000000
654317.000000
655605.000000
656943.000000
660011.000000
663734.000000
665165.000000
666469.000000
668108.000000
666393.000000
665747.000000
666509.000000
667522.000000
669332.000000
669484.000000
670341.000000
669627.000000
670894.000000
671392.000000
671660.000000
672083.000000
665838.000000
667077.000000
667340.000000
667833.000000
674195.000000
675601.000000
679993.000000
683827.000000
685992.000000
689564.000000
689174.000000
690594.000000
683832.000000
685240.000000
687851.000000
689048.000000
690134.000000
691794.000000
694279.000000
694240.000000
695619.000000
691849.000000
691495.000000
693535.000000
694326.000000
696291.000000
697725.000000
700358.000000
703334.000000
705716.000000
706930.000000
706738.000000
708656.000000
710122.000000
711652.000000
711856.000000
710452.000000
711085.000000
690344.000000
689603.000000
690012.000000
689556.000000
690772.000000
694102.000000
696940.000000
698550.000000
700306.000000
701216.000000
702276.000000
703873.000000
705125.000000
706030.000000
682619.000000
675562.000000
674396.000000
677135.000000
678399.000000
679792.000000
682583.000000
683799.000000
685961.000000
686791.000000
689482.000000
690066.000000
692531.000000
689498.000000
678934.000000
677901.000000
678784.000000
680536.000000
681997.000000
683183.000000
684595.000000
685780.000000
687206.000000
686269.000000
689040.000000
691025.000000
693015.000000
683546.000000
677505.000000
676411.000000
678838.000000
681138.000000
682866.000000
683895.000000
684414.000000
685633.000000
687208.000000
688126.000000
687940.000000
689762.000000
692450.000000
693268.000000
696047.000000
699015.000000
701905.000000
702726.000000
705580.000000
708113.000000
709174.000000
709071.000000
709486.000000
710840.000000
711866.000000
715317.000000
719302.000000
720708.000000
717914.000000
721667.000000
719993.000000
721578.000000
715162.000000
713110.000000
702185.000000
701417.000000
702386.000000
702808.000000
705515.000000
706833.000000
707229.000000
708588.000000
709908.000000
704948.000000
705576.000000
706780.000000
710553.000000
711787.000000
713247.000000
716954.000000
717122.000000
718264.000000
718762.000000
719719.000000
721711.000000
722679.000000
724484.000000
728586.000000
728949.000000
730958.000000
732202.000000
734334.000000
737452.000000
741251.000000
742529.000000
745048.000000
747422.000000
749462.000000
750807.000000
753622.000000
758426.000000
754743.000000
754622.000000
752677.000000
752764.000000
752796.000000
752589.000000
756349.000000
761339.000000
760497.000000
758293.000000
759193.000000
761031.000000
759873.000000
759223.000000
761763.000000
764814.000000
766403.000000
764581.000000
762316.000000
760112.000000
756637.000000
751540.000000
752787.000000
755425.000000
755369.000000
754329.000000
757774.000000
752107.000000
753629.000000
756882.000000
759247.000000
761821.000000
764939.000000
766220.000000
765040.000000
765082.000000
762921.000000
760786.000000
760453.000000
761682.000000
763341.000000
764808.000000
758680.000000
758484.000000
754426.000000
755204.000000
756083.000000
754621.000000
756278.000000
756988.000000
758368.000000
754279.000000
754865.000000
757395.000000
758022.000000
759741.000000
761094.000000
763662.000000
766537.000000
768952.000000
773532.000000
774963.000000
776883.000000
773838.000000
772622.000000
775574.000000
777295.000000
778508.000000
777310.000000
779050.000000
780733.000000
780855.000000
781770.000000
782742.000000
783318.000000
780432.000000
783934.000000
784837.000000
786477.000000
785538.000000
784894.000000
784166.000000
786759.000000
788543.000000
791747.000000
792372.000000
793135.000000
793807.000000
794833.000000
794374.000000
793512.000000
796611.000000
799459.000000
801496.000000
804582.000000
807556.000000
809403.000000
810424.000000
813823.000000
814854.000000
817452.000000
841170.000000
843497.000000
844930.000000
848024.000000
852365.000000
855352.000000
858120.000000
859347.000000
859900.000000
861208.000000
859968.000000
861773.000000
865870.000000
866613.000000
868822.000000
870817.000000
872236.000000
873646.000000
875062.000000
877869.000000
870066.000000
869962.000000
872008.000000
871172.000000
871953.000000
872523.000000
874946.000000
875754.000000
875841.000000
876773.000000
877884.000000
875257.000000
876116.000000
876858.000000
880410.000000
883234.000000
885503.000000
888066.000000
888291.000000
889766.000000
891019.000000
892582.000000
893316.000000
895100.000000
897355.000000
905345.000000
905477.000000
903270.000000
901436.000000
902888.000000
904078.000000
905302.000000
906925.000000
908037.000000
909365.000000
911038.000000
909808.000000
908469.000000
909386.000000
906687.000000
910414.000000
913648.000000
918647.000000
919705.000000
920249.000000
919338.000000
920866.000000
922761.000000
924076.000000
925636.000000
927019.000000
929198.000000
932364.000000
934739.000000
935224.000000
935550.000000
936797.000000
938703.000000
939609.000000
940732.000000
941834.000000
935485.000000
934303.000000
935683.000000
936751.000000
939534.000000
941084.000000
940694.000000
942021.000000
942660.000000
943615.000000
944047.000000
934795.000000
933280.000000
935395.000000
931784.000000
935738.000000
936905.000000
935525.000000
936549.000000
936367.000000
937720.000000
939103.000000
938471.000000
939915.000000
942767.000000
944976.000000
944173.000000
944979.000000
943941.000000
945652.000000
945233.000000
946389.000000
945970.000000
947263.000000
946845.000000
947283.000000
948450.000000
946928.000000
949039.000000
951663.000000
947631.000000
945898.000000
944018.000000
941595.000000
940546.000000
940657.000000
937514.000000
938165.000000
940105.000000
941584.000000
944575.000000
946795.000000
944715.000000
943469.000000
943660.000000
945333.000000
946637.000000
944355.000000
944124.000000
944728.000000
940085.000000
939275.000000
935593.000000
937194.000000
937685.000000
942016.000000
943439.000000
937678.000000
938261.000000
938735.000000
939211.000000
937315.000000
937292.000000
934498.000000
924270.000000
924522.000000
925955.000000
927911.000000
930870.000000
932789.000000
935270.000000
937660.000000
939143.000000
942242.000000
945681.000000
946113.000000
947728.000000
952300.000000
952992.000000
954923.000000
955657.000000
956544.000000
955200.000000
956528.000000
957834.000000
959155.000000
961245.000000
962138.000000
964293.000000
967184.000000
969210.000000
968917.000000
971692.000000
973565.000000
976248.000000
977787.000000
982013.000000
985255.000000
988166.000000
987850.000000
994012.000000
995243.000000
997501.000000
1003960.000000
1006716.000000
1006304.000000
1007948.000000
1014777.000000
1023564.000000
1025990.000000
1027897.000000
1031184.000000
1034840.000000
1036397.000000
1040102.000000
1041334.000000
1041369.000000
1042919.000000
1043856.000000
1044920.000000
1044363.000000
1046466.000000
1046873.000000
1047552.000000
1048649.000000
1050166.000000
1052090.000000
1054133.000000
1055094.000000
1052686.000000
1052600.000000
1053387.000000
1052295.000000
1050289.000000
1049672.000000
1050137.000000
1051524.000000
1052205.000000
1048711.000000
1049528.000000
1051891.000000
1051712.000000
1053279.000000
1054801.000000
1055993.000000
1058184.000000
1059023.000000
1058233.000000
1059467.000000
1061167.000000
1057384.000000
1055622.000000
1054087.000000
1052577.000000
1054339.000000
1056009.000000
1057935.000000
1058637.000000
1058407.000000
1059688.000000
1062397.000000
1063987.000000
1065218.000000
1067043.000000
1068417.000000
1064833.000000
1065977.000000
1066029.000000
1067249.000000
1069715.000000
1071067.000000
1072082.000000
1073271.000000
1065339.000000
1065571.000000
1065805.000000
1065692.000000
1066258.000000
1067739.000000
1068470.000000
1067851.000000
1068672.000000
1066464.000000
1066900.000000
1063692.000000
1064438.000000
1053054.000000
1051203.000000
1049161.000000
1047332.000000
1047416.000000
1045744.000000
1043930.000000
1046501.000000
1048857.000000
1050645.000000
1051899.000000
1052015.000000
1052235.000000
1053041.000000
1054112.000000
1055413.000000
1053738.000000
1055133.000000
1055690.000000
1057558.000000
1058767.000000
1059557.000000
1058288.000000
1059571.000000
1060759.000000
1062285.000000
1064492.000000
1062211.000000
1061300.000000
1062741.000000
1061990.000000
1059631.000000
1060257.000000
1058012.000000
1053349.000000
1053689.000000
1051856.000000
1050832.000000
1051647.000000
1052992.000000
1053848.000000
1055043.000000
1054825.000000
1055558.000000
1054424.000000
1055063.000000
1055463.000000
1056335.000000
1057771.000000
1059121.000000
1061442.000000
1072610.000000
1075297.000000
1073062.000000
1072043.000000
1070701.000000
1071437.000000
1070865.000000
1071474.000000
1073928.000000
1075318.000000
1078234.000000
1081081.000000
1082469.000000
1084037.000000
1085382.000000
1084827.000000
1085968.000000
1087469.000000
1088726.000000
1089869.000000
1091052.000000
1091719.000000
1092431.000000
1093151.000000
1091765.000000
1091855.000000
1092540.000000
1093116.000000
1093712.000000
1095632.000000
1096425.000000
1098198.000000
1095922.000000
1096156.000000
1094841.000000
1095794.000000
1096016.000000
1097446.000000
1098843.000000
1099598.000000
1097498.000000
1096370.000000
1097782.000000
1100257.000000
1101180.000000
1102754.000000
1104133.000000
1105020.000000
1106082.000000
1108794.000000
1107194.000000
1109129.000000
1108531.000000
1109240.000000
1107451.000000
1108456.000000
1110135.000000
1111257.000000
1107118.000000
1109676.000000
1109954.000000
1109579.000000
1105975.000000
1106054.000000
1103757.000000
1102944.000000
1103967.000000
1104686.000000
1106173.000000
1105362.000000
1105206.000000
1100631.000000
1102809.000000
1102545.000000
1104383.000000
1102320.000000
1102762.000000
1105011.000000
1104728.000000
1100714.000000
1103166.000000
1099879.000000
1107277.000000
1107056.000000
1105386.000000
1107127.000000
1106565.000000
1102754.000000
1104141.000000
1099127.000000
1098061.000000
1094773.000000
1095810.000000
1096569.000000
1096684.000000
1099338.000000
1100405.000000
1098907.000000
1094431.000000
1094531.000000
1090134.000000
1091027.000000
1092235.000000
1091012.000000
1090047.000000
1088424.000000
1085585.000000
1084088.000000
1083946.000000
1083208.000000
1086331.000000
1086206.000000
1087518.000000
1086402.000000
1084205.000000
1077474.000000
1075441.000000
1074808.000000
1077052.000000
1074712.000000
1071641.000000
1072165.000000
1075378.000000
1078053.000000
1079760.000000
1080987.000000
1082114.000000
1083817.000000
1085901.000000
1088311.000000
1090205.000000
1090404.000000
1087393.000000
1087766.000000
1086573.000000
1084335.000000
1083814.000000
1082954.000000
1085165.000000
1085567.000000
1085504.000000
1083540.000000
1081986.000000
1079293.000000
1074825.000000
1073123.000000
1068046.000000
1069408.000000
1068737.000000
1067352.000000
1066608.000000
1068458.000000
1061751.000000
1060791.000000
1062314.000000
1063752.000000
1066829.000000
1069233.000000
1070366.000000
1063076.000000
1065162.000000
1066897.000000
1068357.000000
1063026.000000
1062817.000000
1050374.000000
1051195.000000
1051609.000000
1050621.000000
1050095.000000
1050235.000000
1051615.000000
1052030.000000
1052868.000000
1054323.000000
1056269.000000
1058126.000000
1057946.000000
1052963.000000
1054253.000000
1055268.000000
1054009.000000
1054644.000000
1053460.000000
1030859.000000
1029837.000000
1028467.000000
1027441.000000
1024780.000000
1022623.000000
1018231.000000
1015621.000000
1015726.000000
1015923.000000
1016607.000000
1017992.000000
1015857.000000
1017107.000000
1013331.000000
1011650.000000
1012089.000000
1010829.000000
1011328.000000
1013358.000000
1013277.000000
1006528.000000
1007069.000000
1000316.000000
1000319.000000
999090.000000
999669.000000
998688.000000
997620.000000
998770.000000
999996.000000
1002459.000000
1003431.000000
1004940.000000
1006717.000000
1007805.000000
1009350.000000
1003996.000000
1002495.000000
1001681.000000
990100.000000
986664.000000
980871.000000
979714.000000
982109.000000
986229.000000
987744.000000
990085.000000
989215.000000
989967.000000
991535.000000
992601.000000
993334.000000
993791.000000
995863.000000
997751.000000
1002019.000000
1003899.000000
1005533.000000
1006607.000000
1003072.000000
984624.000000
985026.000000
985871.000000
987351.000000
988597.000000
989206.000000
988293.000000
987188.000000
986811.000000
984149.000000
985041.000000
986057.000000
985580.000000
985044.000000
980253.000000
980499.000000
980481.000000
981386.000000
982651.000000
983784.000000
986287.000000
989208.000000
990391.000000
991644.000000
991656.000000
991665.000000
993055.000000
994126.000000
995803.000000
998291.000000
1000287.000000
1001362.000000
1014335.000000
1016984.000000
1019437.000000
1017612.000000
1009796.000000
1010942.000000
1010669.000000
1009188.000000
1009480.000000
1011084.000000
1012202.000000
1012405.000000
1013433.000000
1013381.000000
1008586.000000
1008853.000000
1010718.000000
1011038.000000
1010203.000000
1009800.000000
1008872.000000
1011639.000000
1009287.000000
1008671.000000
1009007.000000
1010230.000000
1012952.000000
1005331.000000
1004260.000000
1005848.000000
1007361.000000
1006503.000000
1007533.000000
1009373.000000
1010371.000000
1011098.000000
1010447.000000
1009760.000000
1011465.000000
1006182.000000
1002819.000000
999603.000000
1003963.000000
1003710.000000
1006818.000000
1005866.000000
1005589.000000
1006196.000000
1007198.000000
1007944.000000
1009059.000000
1009728.000000
1011263.000000
1009030.000000
1008727.000000
1007865.000000
1006897.000000
1008716.000000
1000969.000000
1001951.000000
1004105.000000
1008448.000000
1009147.000000
1007274.000000
1006780.000000
1007895.000000
1010146.000000
1011045.000000
1009853.000000
1007986.000000
1009691.000000
1009755.000000
1008401.000000
1005302.000000
1006054.000000
991424.000000
991427.000000
994226.000000
995969.000000
997120.000000
994654.000000
994324.000000
996245.000000
998473.000000
999872.000000
1001653.000000
1003288.000000
1002580.000000
1001753.000000
1000734.000000
1000102.000000
998583.000000
994452.000000
995059.000000
990972.000000
991893.000000
990504.000000
987666.000000
983086.000000
984288.000000
982613.000000
976472.000000
974385.000000
975971.000000
977039.000000
971643.000000
967216.000000
965198.000000
965959.000000
964465.000000
960322.000000
960839.000000
957822.000000
956530.000000
957283.000000
958518.000000
960852.000000
960904.000000
961731.000000
959245.000000
958914.000000
962130.000000
962940.000000
962502.000000
961896.000000
958439.000000
958337.000000
956708.000000
953183.000000
953203.000000
950634.000000
950056.000000
950966.000000
951819.000000
952005.000000
952936.000000
947391.000000
945422.000000
945927.000000
945283.000000
944211.000000
944002.000000
944590.000000
945110.000000
944342.000000
943661.000000
941894.000000
941843.000000
940924.000000
942594.000000
943958.000000
945039.000000
946643.000000
947656.000000
949446.000000
950436.000000
951475.000000
953618.000000
954349.000000
943492.000000
940851.000000
934140.000000
930223.000000
912684.000000
912336.000000
913583.000000
914016.000000
914248.000000
908195.000000
907076.000000
906636.000000
907936.000000
907017.000000
907559.000000
908965.000000
911071.000000
912691.000000
913847.000000
912777.000000
908306.000000
906525.000000
906246.000000
901348.000000
897176.000000
897969.000000
893230.000000
892082.000000
891837.000000
893098.000000
891058.000000
891647.000000
886750.000000
861855.000000
864180.000000
867102.000000
868035.000000
870033.000000
871938.000000
874448.000000
875584.000000
874225.000000
874858.000000
875122.000000
876005.000000
873714.000000
874415.000000
867277.000000
865829.000000
867054.000000
863274.000000
863496.000000
864409.000000
866085.000000
867441.000000
869636.000000
870525.000000
873285.000000
874356.000000
876117.000000
878247.000000
880104.000000
881130.000000
881092.000000
882080.000000
883248.000000
881145.000000
881429.000000
882880.000000
884185.000000
885578.000000
886979.000000
888565.000000
888442.000000
882525.000000
881623.000000
879917.000000
878806.000000
872042.000000
872129.000000
872497.000000
868729.000000
867597.000000
866766.000000
866446.000000
867307.000000
868249.000000
869145.000000
871502.000000
872367.000000
868874.000000
865780.000000
864399.000000
864848.000000
862677.000000
860288.000000
861740.000000
863604.000000
864899.000000
867053.000000
867254.000000
867446.000000
868095.000000
869120.000000
870228.000000
872037.000000
873450.000000
874783.000000
875547.000000
878991.000000
878418.000000
879169.000000
878885.000000
880092.000000
881250.000000
882445.000000
881915.000000
881560.000000
883447.000000
881321.000000
882129.000000
883289.000000
883795.000000
884501.000000
885308.000000
886433.000000
875980.000000
888013.000000
890092.000000
887829.000000
890175.000000
890673.000000
892179.000000
893312.000000
894262.000000
895336.000000
893362.000000
894068.000000
895001.000000
895351.000000
895161.000000
896152.000000
897657.000000
899082.000000
901030.000000
902408.000000
904098.000000
905551.000000
906301.000000
903680.000000
904891.000000
903746.000000
902732.000000
902165.000000
901204.000000
903547.000000
894373.000000
893815.000000
891138.000000
890585.000000
891966.000000
893348.000000
894813.000000
895592.000000
895802.000000
897794.000000
898706.000000
900156.000000
899240.000000
899460.000000
900708.000000
901777.000000
902380.000000
903040.000000
896385.000000
895874.000000
897424.000000
897725.000000
899503.000000
897107.000000
898666.000000
897354.000000
898439.000000
898498.000000
899344.000000
900255.000000
899981.000000
900961.000000
902319.000000
895766.000000
895601.000000
895746.000000
895554.000000
894261.000000
895469.000000
898141.000000
899487.000000
900839.000000
901706.000000
902952.000000
899972.000000
898684.000000
899566.000000
899107.000000
895547.000000
892425.000000
892272.000000
891408.000000
892455.000000
891688.000000
892981.000000
893918.000000
893477.000000
887764.000000
887452.000000
887655.000000
887365.000000
888614.000000
890017.000000
891344.000000
892697.000000
894101.000000
891865.000000
891129.000000
891962.000000
892225.000000
893510.000000
894724.000000
891031.000000
890418.000000
891415.000000
892874.000000
894062.000000
895669.000000
896835.000000
898467.000000
899588.000000
899789.000000
901763.000000
903510.000000
904488.000000
905578.000000
898278.000000
897620.000000
896312.000000
895679.000000
896551.000000
898126.000000
894997.000000
893158.000000
880709.000000
880107.000000
881191.000000
882692.000000
883816.000000
885473.000000
886600.000000
887954.000000
879498.000000
878428.000000
879389.000000
879100.000000
880565.000000
881805.000000
882926.000000
882335.000000
883828.000000
878621.000000
876936.000000
875826.000000
875058.000000
875812.000000
877215.000000
878439.000000
877375.000000
878102.000000
872475.000000
867595.000000
866378.000000
864623.000000
865630.000000
865594.000000
865844.000000
867117.000000
868316.000000
869665.000000
870810.000000
871846.000000
869021.000000
864892.000000
863240.000000
862655.000000
862327.000000
863670.000000
864911.000000
865991.000000
865430.000000
866057.000000
866395.000000
867662.000000
867176.000000
868692.000000
869940.000000
871448.000000
868316.000000
867118.000000
867639.000000
868649.000000
867738.000000
869080.000000
870332.000000
871810.000000
866952.000000
866503.000000
867690.000000
869151.000000
870489.000000
871778.000000
873135.000000
874418.000000
875792.000000
877071.000000
878441.000000
879715.000000
881063.000000
880904.000000
881619.000000
882811.000000
884438.000000
885582.000000
884115.000000
880255.000000
879718.000000
872737.000000
873821.000000
872918.000000
872482.000000
871873.000000
872286.000000
871960.000000
872272.000000
873469.000000
869805.000000
865525.000000
865034.000000
865521.000000
865653.000000
867464.000000
868468.000000
853289.000000
852079.000000
853241.000000
850721.000000
849709.000000
848792.000000
849305.000000
849490.000000
848748.000000
848341.000000
845490.000000
844181.000000
843760.000000
844816.000000
845880.000000
845380.000000
845941.000000
846421.000000
845313.000000
845584.000000
846736.000000
848244.000000
848144.000000
849147.000000
850099.000000
850693.000000
849647.000000
848260.000000
847958.000000
848941.000000
847283.000000
839461.000000
838739.000000
839880.000000
840988.000000
842570.000000
843715.000000
845297.000000
842607.000000
841775.000000
843182.000000
843814.000000
830347.000000
831011.000000
831341.000000
821527.000000
822496.000000
822007.000000
823546.000000
824625.000000
823128.000000
822381.000000
823295.000000
823838.000000
825023.000000
826144.000000
827562.000000
828691.000000
824988.000000
825427.000000
825230.000000
826237.000000
827005.000000
828441.000000
829910.000000
823032.000000
819930.000000
819100.000000
820150.000000
821820.000000
822020.000000
829522.000000
827241.000000
826346.000000
827055.000000
827342.000000
823918.000000
825048.000000
825077.000000
826354.000000
826252.000000
826382.000000
821657.000000
821795.000000
822800.000000
820981.000000
819733.000000
821146.000000
822843.000000
823798.000000
823760.000000
822753.000000
821987.000000
808090.000000
807562.000000
808861.000000
811996.000000
812505.000000
811460.000000
812404.000000
810050.000000
810843.000000
812219.000000
813493.000000
814224.000000
812242.000000
812533.000000
813608.000000
814214.000000
812422.000000
811444.000000
812324.000000
809838.000000
809775.000000
808480.000000
808007.000000
809756.000000
810932.000000
811973.000000
811085.000000
807198.000000
807237.000000
807272.000000
807931.000000
806262.000000
798471.000000
790546.000000
787926.000000
786907.000000
785127.000000
784341.000000
784262.000000
777884.000000
772583.000000
769078.000000
769228.000000
770595.000000
766332.000000
766045.000000
766957.000000
768150.000000
769531.000000
769037.000000
770625.000000
770860.000000
771030.000000
770076.000000
771328.000000
771188.000000
769397.000000
764178.000000
756580.000000
756284.000000
756708.000000
758302.000000
759544.000000
760925.000000
762229.000000
763542.000000
764855.000000
766158.000000
762357.000000
761079.000000
757116.000000
756751.000000
757591.000000
758541.000000
759633.000000
760327.000000
759251.000000
760521.000000
761821.000000
763079.000000
764480.000000
765807.000000
767110.000000
768517.000000
767024.000000
766469.000000
767402.000000
767497.000000
768140.000000
763814.000000
762043.000000
763300.000000
763610.000000
765066.000000
766203.000000
767797.000000
766751.000000
767814.000000
768224.000000
769418.000000
767112.000000
764847.000000
762956.000000
761529.000000
752969.000000
753082.000000
754280.000000
755846.000000
757064.000000
758651.000000
756229.000000
756950.000000
757587.000000
756058.000000
757278.000000
758754.000000
746654.000000
738631.000000
737324.000000
737301.000000
738596.000000
740005.000000
741319.000000
742671.000000
737393.000000
725317.000000
724997.000000
721720.000000
720856.000000
712674.000000
712691.000000
712426.000000
713958.000000
715233.000000
716783.000000
717897.000000
719555.000000
720688.000000
722249.000000
723454.000000
725035.000000
720420.000000
712251.000000
704052.000000
680314.000000
677271.000000
672737.000000
The average waiting time  is :  540386.631250 
