2 , 8 30292.000000
74733.000000
82712.000000
49873.000000
49304.000000
3306.000000
6764.000000
18726.000000
5101.000000
3890.000000
15750.000000
23436.000000
19846.000000
23279.000000
32368.000000
12075.000000
8141.000000
11921.000000
18337.000000
16529.000000
3090.000000
16709.000000
20504.000000
21834.000000
34496.000000
42935.000000
25243.000000
26388.000000
33409.000000
14127.000000
4308.000000
9522.000000
8226.000000
3451.000000
3677.000000
2849.000000
6034.000000
7682.000000
15176.000000
25873.000000
16217.000000
9019.000000
2112.000000
683.000000
617.000000
16194.000000
7722.000000
4696.000000
1059.000000
5162.000000
7497.000000
6381.000000
15754.000000
12723.000000
5934.000000
11284.000000
12412.000000
14148.000000
7722.000000
3677.000000
16732.000000
19661.000000
20428.000000
26539.000000
8993.000000
1095.000000
7453.000000
11030.000000
2147.000000
985.000000
4633.000000
3688.000000
8595.000000
3845.000000
13063.000000
25291.000000
35752.000000
36431.000000
35918.000000
34701.000000
27121.000000
3782.000000
1258.000000
747.000000
1408.000000
3609.000000
11659.000000
6090.000000
538.000000
4448.000000
8997.000000
9355.000000
1974.000000
1464.000000
5411.000000
2829.000000
5800.000000
8492.000000
2403.000000
3710.000000
2790.000000
4706.000000
10379.000000
4498.000000
5768.000000
3347.000000
5338.000000
2594.000000
1335.000000
5796.000000
7819.000000
9711.000000
13763.000000
23194.000000
23923.000000
30611.000000
31404.000000
32949.000000
29145.000000
21611.000000
5792.000000
7109.000000
748.000000
4776.000000
3417.000000
9200.000000
7372.000000
2309.000000
3445.000000
12056.000000
12990.000000
17204.000000
3369.000000
2197.000000
2738.000000
3315.000000
4110.000000
1240.000000
4413.000000
3466.000000
4525.000000
17797.000000
20518.000000
19594.000000
23496.000000
19284.000000
3635.000000
5152.000000
3318.000000
1651.000000
750.000000
5517.000000
13327.000000
11958.000000
16266.000000
15003.000000
2744.000000
978.000000
3685.000000
4066.000000
5119.000000
8970.000000
4277.000000
15213.000000
4838.000000
2598.000000
2444.000000
3129.000000
4022.000000
5701.000000
5553.000000
881.000000
4363.000000
3423.000000
8186.000000
11062.000000
12493.000000
15912.000000
11341.000000
4772.000000
3864.000000
6839.000000
3046.000000
5643.000000
9142.000000
13770.000000
11585.000000
5135.000000
2082.000000
5789.000000
7343.000000
7345.000000
3261.000000
5840.000000
970.000000
4505.000000
12944.000000
18775.000000
18417.000000
22532.000000
21667.000000
2354.000000
1240.000000
1260.000000
5643.000000
7559.000000
7869.000000
16259.000000
27854.000000
29000.000000
31199.000000
12959.000000
15360.000000
16111.000000
19667.000000
21065.000000
30785.000000
8510.000000
5948.000000
8548.000000
8238.000000
4178.000000
1683.000000
4098.000000
6586.000000
10939.000000
8733.000000
6487.000000
6704.000000
4194.000000
840.000000
4536.000000
7975.000000
12355.000000
10200.000000
1528.000000
11850.000000
9676.000000
23856.000000
10565.000000
5953.000000
4108.000000
1779.000000
975.000000
18073.000000
4130.000000
2483.000000
2557.000000
3541.000000
6202.000000
6034.000000
8186.000000
6753.000000
3160.000000
825.000000
2810.000000
1029.000000
4823.000000
10144.000000
1638.000000
2893.000000
6147.000000
13186.000000
7375.000000
4291.000000
2608.000000
5941.000000
1761.000000
5302.000000
7405.000000
1187.000000
5869.000000
5011.000000
13423.000000
20617.000000
19052.000000
22488.000000
25685.000000
26000.000000
561.000000
5506.000000
17566.000000
14729.000000
1954.000000
2285.000000
4899.000000
6190.000000
2777.000000
3964.000000
2031.000000
2522.000000
1500.000000
4731.000000
3179.000000
21378.000000
12674.000000
15954.000000
12202.000000
2574.000000
13442.000000
15871.000000
3975.000000
2101.000000
5191.000000
10417.000000
7441.000000
2499.000000
3123.000000
2053.000000
3165.000000
16631.000000
16708.000000
3997.000000
1486.000000
2333.000000
5220.000000
6753.000000
5057.000000
6029.000000
13097.000000
5952.000000
3773.000000
11176.000000
18444.000000
28265.000000
5230.000000
2807.000000
2333.000000
3643.000000
4757.000000
6563.000000
1416.000000
7645.000000
73188.000000
73731.000000
13662.000000
15985.000000
16299.000000
21228.000000
23784.000000
25824.000000
10070.000000
12961.000000
15438.000000
27106.000000
20167.000000
23452.000000
7956.000000
11984.000000
2888.000000
5585.000000
9267.000000
6351.000000
9717.000000
3345.000000
5343.000000
7046.000000
1500.000000
2088.000000
2708.000000
6196.000000
8122.000000
878.000000
2563.000000
12067.000000
4312.000000
1051.000000
1302.000000
3783.000000
2557.000000
4586.000000
4773.000000
1992.000000
2244.000000
1191.000000
1261.000000
1978.000000
1567.000000
2221.000000
692.000000
522.000000
1274.000000
466.000000
1637.000000
2736.000000
3785.000000
5308.000000
4426.000000
5398.000000
5171.000000
6714.000000
5381.000000
4111.000000
161.000000
681.000000
962.000000
881.000000
206.000000
1371.000000
2734.000000
1484.000000
158.000000
1003.000000
1992.000000
1531.000000
3418.000000
1904.000000
633.000000
2505.000000
3232.000000
457.000000
691.000000
880.000000
2250.000000
2528.000000
3881.000000
573.000000
499.000000
1082.000000
522.000000
241.000000
273.000000
221.000000
224.000000
1252.000000
1804.000000
101.000000
849.000000
669.000000
1195.000000
1266.000000
500.000000
242.000000
1224.000000
847.000000
1237.000000
2949.000000
2470.000000
1286.000000
3397.000000
2246.000000
1415.000000
1631.000000
1861.000000
2289.000000
2823.000000
2015.000000
3240.000000
3522.000000
1607.000000
363.000000
3544.000000
4425.000000
1503.000000
416.000000
1396.000000
2359.000000
1042.000000
435.000000
119.000000
1930.000000
2014.000000
1134.000000
279.000000
1892.000000
1467.000000
351.000000
127.000000
1353.000000
186.000000
499.000000
609.000000
413.000000
566.000000
527.000000
835.000000
2411.000000
1785.000000
1048.000000
1101.000000
139.000000
1869.000000
366.000000
1086.000000
1546.000000
2480.000000
168.000000
987.000000
2573.000000
227.000000
691.000000
275.000000
178.000000
1103.000000
329.000000
264.000000
927.000000
1969.000000
635.000000
796.000000
2763.000000
2203.000000
4048.000000
2026.000000
960.000000
1666.000000
3283.000000
2421.000000
3878.000000
197.000000
1458.000000
2581.000000
2430.000000
2406.000000
1051.000000
177.000000
578.000000
387.000000
722.000000
1593.000000
997.000000
2288.000000
254.000000
1291.000000
1941.000000
1566.000000
1256.000000
1197.000000
318.000000
249.000000
670.000000
350.000000
1036.000000
1078.000000
1246.000000
297.000000
1259.000000
422.000000
298.000000
1219.000000
3146.000000
3788.000000
4322.000000
5424.000000
734.000000
544.000000
521.000000
1013.000000
1350.000000
2091.000000
1705.000000
408.000000
3507.000000
5904.000000
5703.000000
6544.000000
679.000000
380.000000
908.000000
136.000000
220.000000
841.000000
1784.000000
842.000000
1068.000000
2436.000000
1380.000000
1098.000000
832.000000
904.000000
570.000000
904.000000
4295.000000
3118.000000
4643.000000
1259.000000
2484.000000
2120.000000
1448.000000
261.000000
468.000000
510.000000
592.000000
280.000000
756.000000
571.000000
2745.000000
2838.000000
966.000000
1665.000000
3606.000000
2495.000000
3392.000000
2341.000000
1026.000000
1767.000000
335.000000
740.000000
835.000000
463.000000
553.000000
1337.000000
677.000000
224.000000
749.000000
1338.000000
691.000000
583.000000
718.000000
402.000000
1371.000000
1881.000000
3091.000000
2355.000000
1690.000000
1134.000000
2251.000000
294.000000
286.000000
219.000000
1488.000000
2046.000000
1118.000000
2073.000000
1856.000000
2977.000000
1379.000000
1328.000000
643.000000
1047.000000
1209.000000
946.000000
618.000000
642.000000
1030.000000
1523.000000
1108.000000
623.000000
932.000000
2168.000000
1853.000000
792.000000
842.000000
1973.000000
2974.000000
2488.000000
4005.000000
741.000000
496.000000
829.000000
1886.000000
860.000000
2098.000000
1111.000000
801.000000
649.000000
709.000000
1038.000000
1844.000000
791.000000
1973.000000
1686.000000
1147.000000
250.000000
1042.000000
998.000000
2519.000000
1762.000000
585.000000
482.000000
1159.000000
1031.000000
1467.000000
785.000000
1561.000000
3137.000000
1789.000000
3237.000000
4519.000000
2056.000000
3432.000000
5011.000000
5571.000000
18304.000000
648.000000
699.000000
331.000000
1320.000000
993.000000
1503.000000
371.000000
1427.000000
2110.000000
3590.000000
5939.000000
5335.000000
6818.000000
5558.000000
6191.000000
374.000000
1834.000000
2738.000000
988.000000
175.000000
435.000000
759.000000
1730.000000
1894.000000
1004.000000
285.000000
1295.000000
3510.000000
3128.000000
3080.000000
3461.000000
547.000000
290.000000
697.000000
770.000000
618.000000
903.000000
1372.000000
3609.000000
1625.000000
2096.000000
3013.000000
1355.000000
2699.000000
3720.000000
1125.000000
369.000000
225.000000
1325.000000
809.000000
1217.000000
267.000000
784.000000
158.000000
722.000000
1548.000000
2211.000000
2493.000000
486.000000
766.000000
556.000000
1851.000000
1263.000000
1279.000000
1667.000000
3170.000000
4775.000000
5651.000000
730.000000
1106.000000
1035.000000
2429.000000
1916.000000
852.000000
1503.000000
3849.000000
2563.000000
4004.000000
1820.000000
2130.000000
1465.000000
1997.000000
2125.000000
2672.000000
3381.000000
3618.000000
3769.000000
2541.000000
3706.000000
765.000000
577.000000
2266.000000
1754.000000
1961.000000
315.000000
693.000000
1511.000000
1494.000000
1208.000000
685.000000
2582.000000
2550.000000
2546.000000
3435.000000
634.000000
264.000000
1670.000000
2379.000000
3418.000000
3093.000000
2532.000000
576.000000
1578.000000
2423.000000
1275.000000
316.000000
2690.000000
3471.000000
3761.000000
3819.000000
742.000000
434.000000
622.000000
554.000000
729.000000
1100.000000
764.000000
166.000000
725.000000
365.000000
1584.000000
4213.000000
2846.000000
3918.000000
4183.000000
3549.000000
6797.000000
2549.000000
4120.000000
4828.000000
6277.000000
7821.000000
8689.000000
9079.000000
7791.000000
261.000000
579.000000
242.000000
623.000000
832.000000
1240.000000
4708.000000
4982.000000
4927.000000
5537.000000
5147.000000
1672.000000
545.000000
2373.000000
763.000000
645.000000
1005.000000
460.000000
2238.000000
4176.000000
2199.000000
2870.000000
1672.000000
237.000000
743.000000
1726.000000
2511.000000
1521.000000
2588.000000
3720.000000
4088.000000
3570.000000
5195.000000
311.000000
1255.000000
215.000000
699.000000
488.000000
565.000000
773.000000
1269.000000
3685.000000
2741.000000
3195.000000
784.000000
1164.000000
558.000000
1215.000000
638.000000
939.000000
1667.000000
881.000000
490.000000
1126.000000
2046.000000
2026.000000
3489.000000
2500.000000
297.000000
2543.000000
1642.000000
985.000000
1230.000000
1787.000000
901.000000
477.000000
353.000000
691.000000
978.000000
2100.000000
4571.000000
3409.000000
4591.000000
3155.000000
1026.000000
375.000000
1010.000000
957.000000
1732.000000
4360.000000
2637.000000
3853.000000
2223.000000
298.000000
583.000000
551.000000
679.000000
1008.000000
232.000000
200.000000
187.000000
3935.000000
4288.000000
4286.000000
4549.000000
3395.000000
4409.000000
638.000000
634.000000
1251.000000
2627.000000
1634.000000
2774.000000
1215.000000
1013.000000
599.000000
1086.000000
691.000000
2092.000000
2558.000000
4102.000000
5517.000000
1129.000000
474.000000
314.000000
1335.000000
1673.000000
1166.000000
953.000000
1241.000000
1972.000000
4139.000000
540.000000
3134.000000
3222.000000
4166.000000
3513.000000
5053.000000
5381.000000
4101.000000
2363.000000
735.000000
303.000000
1663.000000
1319.000000
1673.000000
1650.000000
754.000000
1167.000000
1532.000000
336.000000
1176.000000
983.000000
1121.000000
3652.000000
2138.000000
2481.000000
1141.000000
3822.000000
3818.000000
3114.000000
3605.000000
566.000000
2018.000000
3034.000000
1947.000000
1247.000000
1507.000000
873.000000
809.000000
884.000000
888.000000
1606.000000
1271.000000
139.000000
1722.000000
4245.000000
2055.000000
1347.000000
1606.000000
2889.000000
1090.000000
1180.000000
2262.000000
3907.000000
890.000000
691.000000
1097.000000
2144.000000
1640.000000
863.000000
2193.000000
3328.000000
2530.000000
4019.000000
2076.000000
2643.000000
3180.000000
269.000000
2019.000000
4056.000000
3363.000000
4121.000000
3981.000000
1102.000000
267.000000
702.000000
1411.000000
3516.000000
3707.000000
4604.000000
535.000000
3332.000000
5591.000000
2674.000000
14566.000000
487.000000
410.000000
168.000000
1104.000000
416.000000
1313.000000
3128.000000
1472.000000
636.000000
1658.000000
2796.000000
4953.000000
6412.000000
5523.000000
6363.000000
6119.000000
4198.000000
3454.000000
3489.000000
1543.000000
4032.000000
2815.000000
752.000000
1376.000000
1948.000000
3376.000000
2075.000000
1683.000000
2439.000000
2007.000000
2463.000000
1412.000000
2007.000000
2119.000000
1873.000000
1135.000000
2101.000000
3540.000000
2463.000000
4698.000000
2551.000000
3592.000000
2618.000000
4172.000000
5297.000000
3044.000000
945.000000
1185.000000
1323.000000
1846.000000
4642.000000
5289.000000
4566.000000
4289.000000
2763.000000
1511.000000
3781.000000
3567.000000
3985.000000
3762.000000
185.000000
996.000000
424.000000
407.000000
1410.000000
1375.000000
1825.000000
785.000000
340.000000
1327.000000
3643.000000
2103.000000
794.000000
323.000000
1473.000000
2673.000000
2171.000000
2290.000000
752.000000
1068.000000
898.000000
163.000000
967.000000
1128.000000
366.000000
171.000000
282.000000
4570.000000
4901.000000
880.000000
1507.000000
687.000000
909.000000
267.000000
1493.000000
542.000000
2917.000000
2784.000000
862.000000
2123.000000
3922.000000
4776.000000
2379.000000
3094.000000
3499.000000
3115.000000
3056.000000
4365.000000
3974.000000
2824.000000
4409.000000
5947.000000
7069.000000
4407.000000
2632.000000
4315.000000
5547.000000
7157.000000
7987.000000
5772.000000
4380.000000
5502.000000
7599.000000
8255.000000
9312.000000
11230.000000
6101.000000
2806.000000
2825.000000
238.000000
1388.000000
3737.000000
1066.000000
529.000000
721.000000
2460.000000
3196.000000
3486.000000
211.000000
755.000000
1010.000000
641.000000
798.000000
1578.000000
982.000000
2916.000000
765.000000
276.000000
233.000000
693.000000
374.000000
201.000000
4141.000000
2678.000000
1187.000000
541.000000
1248.000000
3636.000000
1429.000000
905.000000
2083.000000
773.000000
1250.000000
2271.000000
1400.000000
929.000000
1884.000000
213.000000
1837.000000
3374.000000
2463.000000
4001.000000
1312.000000
663.000000
1736.000000
823.000000
285.000000
308.000000
406.000000
715.000000
899.000000
481.000000
1245.000000
5874.000000
6483.000000
4101.000000
1030.000000
277.000000
818.000000
3644.000000
1028.000000
966.000000
1380.000000
2176.000000
901.000000
159.000000
645.000000
3733.000000
4298.000000
1232.000000
1430.000000
1572.000000
2324.000000
612.000000
877.000000
1642.000000
3712.000000
4138.000000
5226.000000
4606.000000
5192.000000
1137.000000
373.000000
1486.000000
1971.000000
296.000000
904.000000
293.000000
221.000000
2564.000000
2965.000000
3248.000000
5079.000000
4544.000000
4403.000000
5264.000000
6518.000000
7529.000000
6510.000000
598.000000
259.000000
1265.000000
210.000000
2000.000000
2891.000000
1087.000000
391.000000
562.000000
1200.000000
841.000000
2224.000000
1561.000000
858.000000
445.000000
2973.000000
3651.000000
757.000000
3511.000000
5106.000000
1294.000000
3836.000000
5207.000000
5258.000000
6405.000000
6577.000000
5174.000000
4742.000000
3203.000000
4279.000000
2349.000000
980.000000
761.000000
745.000000
289.000000
709.000000
272.000000
528.000000
1180.000000
1753.000000
1855.000000
616.000000
828.000000
2941.000000
1148.000000
2795.000000
2455.000000
3541.000000
2402.000000
6075.000000
6390.000000
1915.000000
1497.000000
2915.000000
3005.000000
3414.000000
2550.000000
2093.000000
1298.000000
3136.000000
2769.000000
3202.000000
2417.000000
4574.000000
4128.000000
2865.000000
786.000000
1069.000000
5793.000000
5614.000000
999.000000
1161.000000
222.000000
1521.000000
3288.000000
2606.000000
4126.000000
3900.000000
4048.000000
2997.000000
3212.000000
3465.000000
2745.000000
2433.000000
942.000000
1209.000000
171.000000
2659.000000
2360.000000
1637.000000
3104.000000
1424.000000
1143.000000
964.000000
414.000000
1281.000000
1146.000000
490.000000
678.000000
1294.000000
3788.000000
2670.000000
4982.000000
3097.000000
2424.000000
1352.000000
1977.000000
1918.000000
851.000000
1615.000000
2746.000000
2398.000000
1140.000000
878.000000
1669.000000
2691.000000
1243.000000
1269.000000
1189.000000
3611.000000
2984.000000
2944.000000
760.000000
292.000000
1272.000000
184.000000
1742.000000
1472.000000
1416.000000
1630.000000
4522.000000
5343.000000
5287.000000
5806.000000
6013.000000
4296.000000
3784.000000
3436.000000
597.000000
351.000000
170.000000
192.000000
725.000000
1792.000000
2817.000000
341.000000
854.000000
2402.000000
1024.000000
819.000000
780.000000
526.000000
822.000000
185.000000
3663.000000
3719.000000
1614.000000
2916.000000
3907.000000
3718.000000
4182.000000
2813.000000
4680.000000
3067.000000
1901.000000
2849.000000
1233.000000
2203.000000
3485.000000
4351.000000
330.000000
1339.000000
3725.000000
2834.000000
1082.000000
962.000000
742.000000
5309.000000
3311.000000
3611.000000
2523.000000
1890.000000
1023.000000
994.000000
1772.000000
916.000000
425.000000
1112.000000
3371.000000
2691.000000
2111.000000
1119.000000
434.000000
1260.000000
1485.000000
1147.000000
4146.000000
4132.000000
7157.000000
1872.000000
1225.000000
1338.000000
952.000000
572.000000
1022.000000
3666.000000
3221.000000
3899.000000
2036.000000
1653.000000
906.000000
1039.000000
3258.000000
3098.000000
2752.000000
821.000000
409.000000
1106.000000
901.000000
386.000000
1156.000000
1447.000000
252.000000
598.000000
299.000000
964.000000
1097.000000
1830.000000
2755.000000
4211.000000
5464.000000
7255.000000
8162.000000
5383.000000
6353.000000
6084.000000
2938.000000
2289.000000
3270.000000
1181.000000
766.000000
941.000000
783.000000
666.000000
969.000000
1117.000000
261.000000
201.000000
1455.000000
3364.000000
2364.000000
2534.000000
392.000000
1303.000000
1570.000000
757.000000
228.000000
1525.000000
3837.000000
4488.000000
4171.000000
5413.000000
4620.000000
4559.000000
5663.000000
1210.000000
1196.000000
332.000000
1562.000000
2369.000000
249.000000
1864.000000
1965.000000
2004.000000
1081.000000
1233.000000
225.000000
157.000000
875.000000
645.000000
167.000000
161.000000
2167.000000
3553.000000
1210.000000
1019.000000
1484.000000
492.000000
806.000000
398.000000
817.000000
822.000000
1288.000000
1464.000000
2433.000000
1018.000000
764.000000
1422.000000
3018.000000
2425.000000
1781.000000
674.000000
1870.000000
3109.000000
3585.000000
2354.000000
1645.000000
2270.000000
895.000000
426.000000
1905.000000
3026.000000
2392.000000
2492.000000
2394.000000
2504.000000
1063.000000
580.000000
984.000000
690.000000
1854.000000
2516.000000
820.000000
1201.000000
2499.000000
1634.000000
274.000000
897.000000
3810.000000
1065.000000
1124.000000
2770.000000
1845.000000
1323.000000
1538.000000
1750.000000
1246.000000
450.000000
2523.000000
4284.000000
4485.000000
3949.000000
4746.000000
3630.000000
1753.000000
254.000000
843.000000
1415.000000
3022.000000
2636.000000
3450.000000
3184.000000
2026.000000
2916.000000
5705.000000
4279.000000
1357.000000
727.000000
958.000000
1703.000000
2161.000000
271.000000
630.000000
1517.000000
1292.000000
2327.000000
1415.000000
280.000000
997.000000
847.000000
165.000000
1491.000000
2225.000000
3200.000000
2323.000000
2906.000000
743.000000
1023.000000
2145.000000
1315.000000
3514.000000
1640.000000
1423.000000
1754.000000
2225.000000
1646.000000
419.000000
1280.000000
1521.000000
744.000000
1025.000000
3251.000000
2707.000000
1813.000000
154.000000
1321.000000
3020.000000
1024.000000
3656.000000
4041.000000
1541.000000
2053.000000
2337.000000
1727.000000
1853.000000
459.000000
853.000000
1247.000000
3310.000000
3834.000000
4439.000000
5162.000000
569.000000
1613.000000
378.000000
1524.000000
2598.000000
2004.000000
896.000000
1347.000000
2250.000000
2476.000000
2088.000000
419.000000
527.000000
421.000000
748.000000
2281.000000
1809.000000
1124.000000
856.000000
4210.000000
6919.000000
6350.000000
7003.000000
5923.000000
1256.000000
918.000000
333.000000
514.000000
1698.000000
853.000000
1182.000000
396.000000
851.000000
503.000000
591.000000
178.000000
1146.000000
1190.000000
610.000000
400.000000
1352.000000
4184.000000
2412.000000
3910.000000
4056.000000
640.000000
1534.000000
616.000000
511.000000
505.000000
2744.000000
2701.000000
658.000000
385.000000
2174.000000
2813.000000
1918.000000
3301.000000
1892.000000
193.000000
922.000000
581.000000
1251.000000
1640.000000
1495.000000
2573.000000
4744.000000
5396.000000
5205.000000
5939.000000
5963.000000
6694.000000
2741.000000
492.000000
1740.000000
1079.000000
560.000000
1472.000000
2486.000000
2321.000000
277.000000
612.000000
380.000000
418.000000
1229.000000
4768.000000
5614.000000
6685.000000
6412.000000
7227.000000
4775.000000
491.000000
362.000000
1139.000000
2942.000000
1211.000000
359.000000
1769.000000
2924.000000
3723.000000
2415.000000
3756.000000
4894.000000
5450.000000
6054.000000
5565.000000
7261.000000
829.000000
1028.000000
483.000000
1420.000000
1396.000000
2971.000000
2349.000000
2609.000000
206.000000
267.000000
244.000000
927.000000
1150.000000
755.000000
518.000000
164.000000
388.000000
698.000000
329.000000
289.000000
575.000000
1383.000000
2000.000000
124.000000
3063.000000
2238.000000
1090.000000
1006.000000
2143.000000
1882.000000
482.000000
715.000000
995.000000
636.000000
674.000000
776.000000
366.000000
1878.000000
2609.000000
1357.000000
154.000000
171.000000
437.000000
1300.000000
2157.000000
1508.000000
907.000000
2003.000000
967.000000
1962.000000
3151.000000
2424.000000
3407.000000
3816.000000
4338.000000
4812.000000
6950.000000
6805.000000
9244.000000
806.000000
1734.000000
461.000000
200.000000
275.000000
1873.000000
2471.000000
1439.000000
1907.000000
2291.000000
304.000000
1372.000000
1808.000000
227.000000
1481.000000
2511.000000
2387.000000
596.000000
735.000000
1992.000000
2604.000000
1770.000000
1221.000000
1265.000000
190.000000
1333.000000
541.000000
1191.000000
1105.000000
645.000000
1520.000000
223.000000
2315.000000
4453.000000
3623.000000
2998.000000
3388.000000
4855.000000
7426.000000
5322.000000
5912.000000
2698.000000
4264.000000
4979.000000
4350.000000
4949.000000
4059.000000
1440.000000
385.000000
1673.000000
2499.000000
2251.000000
3178.000000
2318.000000
1865.000000
3426.000000
1139.000000
1406.000000
2524.000000
2215.000000
3808.000000
1625.000000
1026.000000
505.000000
1312.000000
1851.000000
287.000000
227.000000
1239.000000
1391.000000
644.000000
1198.000000
708.000000
1632.000000
2155.000000
773.000000
200.000000
1264.000000
3553.000000
2975.000000
3218.000000
1209.000000
1076.000000
193.000000
1613.000000
1416.000000
1225.000000
195.000000
745.000000
3020.000000
1193.000000
3091.000000
2631.000000
664.000000
1367.000000
4723.000000
4026.000000
1252.000000
617.000000
1423.000000
3974.000000
3253.000000
3320.000000
3610.000000
2690.000000
2722.000000
3076.000000
2639.000000
3522.000000
2672.000000
2479.000000
317.000000
1153.000000
406.000000
388.000000
243.000000
2278.000000
1989.000000
1153.000000
3181.000000
2546.000000
3113.000000
2624.000000
3198.000000
2711.000000
3252.000000
2636.000000
3150.000000
2635.000000
3159.000000
2579.000000
3192.000000
2790.000000
3217.000000
2597.000000
3171.000000
2718.000000
3430.000000
2613.000000
2743.000000
658.000000
288.000000
1103.000000
3227.000000
2551.000000
704.000000
1303.000000
2981.000000
2543.000000
3288.000000
2192.000000
3117.000000
2702.000000
158.000000
1330.000000
3095.000000
2672.000000
3321.000000
The average waiting time  is :  3655.404500 
