4 , 1 46332.000000
147404.000000
183777.000000
200827.000000
237842.000000
255931.000000
291345.000000
305204.000000
307441.000000
309590.000000
317146.000000
320231.000000
331416.000000
334273.000000
341238.000000
343127.000000
344938.000000
346623.000000
348595.000000
350529.000000
352441.000000
354270.000000
356121.000000
358013.000000
359723.000000
361952.000000
363686.000000
365612.000000
367433.000000
369128.000000
370963.000000
372581.000000
374332.000000
376013.000000
377754.000000
379627.000000
381238.000000
382891.000000
384561.000000
331220.000000
325811.000000
327628.000000
329547.000000
331636.000000
333333.000000
335942.000000
353403.000000
364829.000000
380946.000000
394658.000000
405292.000000
503433.000000
517165.000000
529458.000000
576278.000000
589206.000000
591806.000000
594249.000000
604321.000000
604429.000000
606658.000000
616495.000000
618786.000000
622450.000000
616604.000000
627701.000000
644753.000000
655196.000000
663782.000000
683507.000000
710956.000000
716837.000000
733481.000000
741431.000000
778083.000000
789743.000000
823127.000000
834656.000000
837600.000000
848934.000000
860595.000000
873415.000000
891178.000000
903024.000000
969902.000000
983251.000000
998291.000000
1017270.000000
1068392.000000
1073742.000000
1099096.000000
1125645.000000
1137172.000000
1174335.000000
1185463.000000
1162965.000000
1171892.000000
1187033.000000
1203589.000000
1241886.000000
1247598.000000
1282384.000000
1296019.000000
1308597.000000
1327803.000000
1349192.000000
1370716.000000
1381448.000000
1394529.000000
1402789.000000
1421812.000000
1437763.000000
1448437.000000
1461049.000000
1460388.000000
1480883.000000
1494863.000000
1504502.000000
1512120.000000
1534052.000000
1544564.000000
1554585.000000
1564494.000000
1579650.000000
1589895.000000
1602544.000000
1610442.000000
1631425.000000
1643720.000000
1654139.000000
1662540.000000
1683818.000000
1694558.000000
1704207.000000
1715247.000000
1736045.000000
1746558.000000
1759371.000000
1767437.000000
1782749.000000
1796107.000000
1802688.000000
1808624.000000
1822424.000000
1832372.000000
1841919.000000
1851446.000000
1873551.000000
1884827.000000
1897692.000000
1906195.000000
1926616.000000
1939878.000000
1952388.000000
1973275.000000
1992213.000000
2002847.000000
2013037.000000
2023957.000000
2044731.000000
2055201.000000
2052469.000000
2048578.000000
2068863.000000
2082900.000000
2092361.000000
2100412.000000
2115472.000000
2125696.000000
2133003.000000
2138528.000000
2150115.000000
2160220.000000
2172609.000000
2180625.000000
2201475.000000
2215574.000000
2224002.000000
2229692.000000
2125235.000000
2115980.000000
2114683.000000
2119893.000000
2136913.000000
2147302.000000
2153047.000000
2144552.000000
2158748.000000
2170392.000000
2179611.000000
2187370.000000
2188251.000000
2192232.000000
2198618.000000
2214337.000000
2234903.000000
2241783.000000
2252649.000000
2258014.000000
2268119.000000
2278856.000000
2285323.000000
2290949.000000
2310587.000000
2319655.000000
2325132.000000
2336156.000000
2369483.000000
2390752.000000
2403748.000000
2414110.000000
2421919.000000
2442887.000000
2428740.000000
2436769.000000
2457503.000000
2468375.000000
2478086.000000
2489083.000000
2504658.000000
2514976.000000
2523385.000000
2530235.000000
2551839.000000
2566592.000000
2576917.000000
2585027.000000
2600235.000000
2609997.000000
2619509.000000
2629919.000000
2650349.000000
2661210.000000
2673938.000000
2678841.000000
2692854.000000
2695558.000000
2692875.000000
2698505.000000
2705251.000000
2714048.000000
2721266.000000
2731930.000000
2752203.000000
2762905.000000
2760249.000000
2762952.000000
2783569.000000
2795397.000000
2804882.000000
2812306.000000
2830049.000000
2839730.000000
2848180.000000
2857859.000000
2877560.000000
2822648.000000
2824440.000000
2829517.000000
2842961.000000
2852494.000000
2860127.000000
2866939.000000
2888050.000000
2898397.000000
2899611.000000
2914944.000000
2932861.000000
2936321.000000
2942990.000000
2951447.000000
2969758.000000
2980490.000000
2982495.000000
2990356.000000
3010820.000000
3024729.000000
3033949.000000
3041659.000000
3125585.000000
3146911.000000
3154023.000000
3208969.000000
3229411.000000
3240657.000000
3248720.000000
3312198.000000
3322483.000000
3329756.000000
3339416.000000
3344645.000000
3349326.000000
3401257.000000
3404296.000000
3408343.000000
3415014.000000
3482268.000000
3488532.000000
3502771.000000
3514756.000000
3522634.000000
3528343.000000
3580417.000000
3590693.000000
3598764.000000
3617024.000000
3683970.000000
3692231.000000
3699103.000000
3718693.000000
3734653.000000
3741920.000000
3746970.000000
3796731.000000
3806581.000000
3809793.000000
3816636.000000
3832331.000000
3842273.000000
3852224.000000
3864297.000000
3879441.000000
3889128.000000
3899805.000000
3900676.000000
3920606.000000
3931265.000000
3935347.000000
3955517.000000
3963952.000000
3978830.000000
3991274.000000
4003948.000000
4010887.000000
4015611.000000
4035178.000000
4046995.000000
4056309.000000
4066601.000000
4080780.000000
4079529.000000
4078932.000000
4073982.000000
4092144.000000
4104713.000000
4115508.000000
4123504.000000
4132475.000000
4148488.000000
4154882.000000
4166240.000000
4176166.000000
4184185.000000
4205258.000000
4216431.000000
4226966.000000
4238285.000000
4258430.000000
4269027.000000
4281446.000000
4289650.000000
4304469.000000
4317953.000000
4327944.000000
4335847.000000
4350692.000000
4360708.000000
4369749.000000
4378480.000000
4392560.000000
4390623.000000
4399109.000000
4404061.000000
4416050.000000
4427918.000000
4435344.000000
4440248.000000
4458824.000000
4469428.000000
4479394.000000
4490158.000000
4504971.000000
4515070.000000
4527467.000000
4535528.000000
4550523.000000
4563529.000000
4585534.000000
4587155.000000
4591968.000000
4594259.000000
4596316.000000
4598556.000000
4603258.000000
4604494.000000
4605959.000000
4605684.000000
4606085.000000
4607236.000000
4608357.000000
4609597.000000
4612680.000000
4614669.000000
4616618.000000
4617279.000000
4620431.000000
4622503.000000
4622383.000000
4621562.000000
4625211.000000
4625751.000000
4627705.000000
4629173.000000
4632427.000000
4633726.000000
4635855.000000
4635129.000000
4630522.000000
4621502.000000
4622620.000000
4623135.000000
4626668.000000
4629549.000000
4631702.000000
4632563.000000
4636986.000000
4638797.000000
4634385.000000
4634117.000000
4638579.000000
4640805.000000
4643453.000000
4643959.000000
4646872.000000
4646329.000000
4645649.000000
4637445.000000
4641936.000000
4644066.000000
4646014.000000
4648130.000000
4650785.000000
4651487.000000
4651480.000000
4650561.000000
4651796.000000
4653263.000000
4652345.000000
4651633.000000
4654144.000000
4653658.000000
4653979.000000
4646200.000000
4646207.000000
4642134.000000
4644463.000000
4639334.000000
4641555.000000
4641600.000000
4641573.000000
4642819.000000
4643362.000000
4640687.000000
4635769.000000
4637814.000000
4640674.000000
4641649.000000
4644141.000000
4642326.000000
4645063.000000
4646810.000000
4648627.000000
4650201.000000
4653490.000000
4655546.000000
4656540.000000
4655648.000000
4651100.000000
4653002.000000
4655745.000000
4657414.000000
4662177.000000
4665254.000000
4667395.000000
4670809.000000
4673544.000000
4675615.000000
4677649.000000
4679288.000000
4676802.000000
4678786.000000
4680758.000000
4683023.000000
4687437.000000
4689625.000000
4692337.000000
4693996.000000
4697232.000000
4700036.000000
4702078.000000
4703702.000000
4697126.000000
4697117.000000
4698877.000000
4701117.000000
4704395.000000
4706578.000000
4709306.000000
4710913.000000
4715452.000000
4718493.000000
4720474.000000
4720689.000000
4723562.000000
4725549.000000
4727421.000000
4729518.000000
4730970.000000
4732257.000000
4734777.000000
4736472.000000
4740508.000000
4734736.000000
4736573.000000
4738113.000000
4742679.000000
4744797.000000
4746934.000000
4749056.000000
4749400.000000
4743665.000000
4744586.000000
4743943.000000
4747036.000000
4749804.000000
4751551.000000
4750758.000000
4754102.000000
4756179.000000
4752571.000000
4752010.000000
4754979.000000
4757032.000000
4759546.000000
4761161.000000
4765292.000000
4765785.000000
4766012.000000
4761373.000000
4763185.000000
4763038.000000
4764984.000000
4776185.000000
4780538.000000
4782879.000000
4787434.000000
4781701.000000
4780668.000000
4782007.000000
4786696.000000
4788937.000000
4791652.000000
4793319.000000
4797986.000000
4800948.000000
4803202.000000
4804702.000000
4809152.000000
4802842.000000
4802083.000000
4801086.000000
4804588.000000
4803944.000000
4805179.000000
4804140.000000
4805224.000000
4807841.000000
4809669.000000
4811141.000000
4815697.000000
4817896.000000
4819899.000000
4822012.000000
4825136.000000
4827201.000000
4829792.000000
4829951.000000
4831528.000000
4827667.000000
4829579.000000
4823911.000000
4825313.000000
4824002.000000
4822761.000000
4821923.000000
4823986.000000
4824424.000000
4826735.000000
4825384.000000
4828615.000000
4831568.000000
4832831.000000
4834050.000000
4838641.000000
4839639.000000
4833348.000000
4821043.000000
4823242.000000
4820179.000000
4821450.000000
4822963.000000
4826671.000000
4828041.000000
4829062.000000
4828779.000000
4832456.000000
4824493.000000
4794985.000000
4786972.000000
4778138.000000
4769324.000000
4752516.000000
4747542.000000
4735508.000000
4725039.000000
4717474.000000
4699162.000000
4691439.000000
4682586.000000
4675536.000000
4658770.000000
4652665.000000
4643945.000000
4634553.000000
4625386.000000
4617271.000000
4607365.000000
4599670.000000
4582159.000000
4576126.000000
4566810.000000
4559073.000000
4541079.000000
4535637.000000
4526921.000000
4518205.000000
4500027.000000
4494630.000000
4483380.000000
4476902.000000
4467314.000000
4456837.000000
4448019.000000
4440695.000000
4431813.000000
4423411.000000
4415338.000000
4405700.000000
4386065.000000
4378778.000000
4366394.000000
4359582.000000
4341494.000000
4332367.000000
4323714.000000
4301652.000000
4286045.000000
4280667.000000
4271800.000000
4262954.000000
4244403.000000
4239120.000000
4229029.000000
4221744.000000
4203573.000000
4195223.000000
4186505.000000
4179714.000000
4171400.000000
4163107.000000
4154990.000000
4145520.000000
4127240.000000
4122507.000000
4111428.000000
4104686.000000
4086897.000000
4078644.000000
4069888.000000
4062603.000000
4054022.000000
4045536.000000
4037886.000000
4028882.000000
4010415.000000
4005402.000000
3994793.000000
3987501.000000
3978225.000000
3967664.000000
3958585.000000
3951636.000000
3934675.000000
3929357.000000
3920815.000000
3914751.000000
3888814.000000
3883898.000000
3874419.000000
3865763.000000
3857177.000000
3845345.000000
3836823.000000
3829080.000000
3812211.000000
3807069.000000
3798730.000000
3789891.000000
3754042.000000
3752243.000000
3734356.000000
3724381.000000
3715443.000000
3710354.000000
3693878.000000
3685456.000000
3667929.000000
3663039.000000
3654785.000000
3645242.000000
3635515.000000
3627207.000000
3617885.000000
3609099.000000
3590860.000000
3580323.000000
3571730.000000
3563125.000000
3554349.000000
3544878.000000
3537211.000000
3527908.000000
3510104.000000
3505334.000000
3495114.000000
3486667.000000
3478284.000000
3467850.000000
3459666.000000
3451591.000000
3443373.000000
3434964.000000
3426861.000000
3417933.000000
3400170.000000
3395095.000000
3385988.000000
3376649.000000
3358858.000000
3353651.000000
3344799.000000
3336999.000000
3320223.000000
3314105.000000
3305809.000000
3296350.000000
3278471.000000
3272208.000000
3262187.000000
3253506.000000
3235768.000000
3230266.000000
3221762.000000
3213673.000000
3196724.000000
3191146.000000
3183720.000000
3165012.000000
3140461.000000
3134066.000000
3126875.000000
3116993.000000
3098345.000000
3091977.000000
3080621.000000
3072346.000000
3055086.000000
3046915.000000
3038945.000000
3031924.000000
2954669.000000
2937145.000000
2921837.000000
2921775.000000
2855529.000000
2850043.000000
2840973.000000
2781156.000000
2767729.000000
2762651.000000
2745181.000000
2727575.000000
2720360.000000
2720045.000000
2673997.000000
2667305.000000
2656700.000000
2595224.000000
2585964.000000
2577316.000000
2565453.000000
2548503.000000
2550895.000000
2536733.000000
2498764.000000
2488942.000000
2473736.000000
2470379.000000
2406527.000000
2399263.000000
2384096.000000
2377105.000000
2353136.000000
2345756.000000
2347850.000000
2313908.000000
2295496.000000
2295084.000000
2289343.000000
2278610.000000
2272825.000000
2259141.000000
2265259.000000
2255900.000000
2245603.000000
2238940.000000
2234750.000000
2215090.000000
2208886.000000
2201070.000000
2183535.000000
2179307.000000
2162281.000000
2148738.000000
2142990.000000
2135223.000000
2117165.000000
2111427.000000
2104185.000000
2094586.000000
2086784.000000
2076165.000000
2067329.000000
2059992.000000
2041034.000000
2032894.000000
2019606.000000
2011161.000000
2000782.000000
1984846.000000
1982598.000000
1969303.000000
1962357.000000
1953840.000000
1937404.000000
1930494.000000
1921832.000000
1910358.000000
1894727.000000
1887554.000000
1876732.000000
1868721.000000
1862480.000000
1849660.000000
1842046.000000
1833339.000000
1827232.000000
1817785.000000
1809741.000000
1799187.000000
1783026.000000
1775814.000000
1765001.000000
1757135.000000
1751237.000000
1738546.000000
1730565.000000
1723068.000000
1708144.000000
1701521.000000
1692961.000000
1682248.000000
1675710.000000
1665465.000000
1655026.000000
1647366.000000
1641127.000000
1629237.000000
1620344.000000
1603872.000000
1603328.000000
1603272.000000
1603757.000000
1602642.000000
1602908.000000
1605527.000000
1604319.000000
1605286.000000
1605828.000000
1604399.000000
1603731.000000
1606139.000000
1606107.000000
1605042.000000
1605127.000000
1606727.000000
1606695.000000
1606486.000000
1605418.000000
1607629.000000
1606070.000000
1605497.000000
1604819.000000
1606007.000000
1606054.000000
1605166.000000
1605162.000000
1606905.000000
1604605.000000
1605138.000000
1603861.000000
1606156.000000
1604865.000000
1604109.000000
1603268.000000
1605600.000000
1603442.000000
1603134.000000
1603010.000000
1603380.000000
1601263.000000
1601793.000000
1600661.000000
1601458.000000
1601989.000000
1600580.000000
1599687.000000
1602173.000000
1600191.000000
1599850.000000
1599836.000000
1601687.000000
1599627.000000
1600240.000000
1598976.000000
1601200.000000
1601900.000000
1600537.000000
1599833.000000
1602486.000000
1600438.000000
1600895.000000
1632000.000000
1634134.000000
1634177.000000
1636271.000000
1635611.000000
1636639.000000
1687555.000000
1687444.000000
1689206.000000
1689216.000000
1749983.000000
1749167.000000
1752154.000000
1752150.000000
1749226.000000
1749567.000000
1808059.000000
1807474.000000
1804788.000000
1807405.000000
1869438.000000
1869028.000000
1869445.000000
1869729.000000
1869751.000000
1868810.000000
1925246.000000
1924777.000000
1924121.000000
1924492.000000
1986504.000000
1985778.000000
1985071.000000
1987761.000000
1984241.000000
1986014.000000
1986132.000000
1989036.000000
1987087.000000
1986982.000000
1987130.000000
1989364.000000
1987357.000000
1988587.000000
1987499.000000
1988512.000000
1989146.000000
1987812.000000
1987179.000000
1988720.000000
1988692.000000
1987888.000000
2030043.000000
2032342.000000
2032393.000000
2031623.000000
2031768.000000
2034309.000000
2032365.000000
2032375.000000
2031656.000000
2034334.000000
2035510.000000
2035679.000000
2035868.000000
2034982.000000
2036219.000000
2035499.000000
2035192.000000
2035285.000000
2035570.000000
2035122.000000
2035732.000000
2035282.000000
2035835.000000
2036651.000000
2036314.000000
2035269.000000
2036377.000000
2035607.000000
2035023.000000
2034967.000000
2036056.000000
2034731.000000
2035872.000000
2035540.000000
2036698.000000
2036574.000000
2036471.000000
2036278.000000
2038466.000000
2037786.000000
2038524.000000
2037675.000000
2037814.000000
2036918.000000
2039026.000000
2039895.000000
2037686.000000
2037189.000000
2039577.000000
2029708.000000
2027811.000000
2028542.000000
2029011.000000
2027689.000000
2030561.000000
2030440.000000
2031245.000000
2031717.000000
2030614.000000
2033235.000000
2035746.000000
2034756.000000
2035683.000000
2035724.000000
2038082.000000
2037704.000000
2038095.000000
2037832.000000
2040446.000000
2041126.000000
2041160.000000
2044940.000000
2050435.000000
2049247.000000
2049288.000000
2049994.000000
2048617.000000
2048682.000000
2048844.000000
2049347.000000
2049433.000000
2048728.000000
2048984.000000
2048827.000000
2055584.000000
2058219.000000
2058033.000000
2058103.000000
2058861.000000
2057867.000000
2058081.000000
2058391.000000
2056544.000000
2056568.000000
2056659.000000
2056656.000000
2056469.000000
2055963.000000
2056331.000000
2056353.000000
2055752.000000
2056258.000000
2057992.000000
2058538.000000
2056406.000000
2057011.000000
2057842.000000
2057954.000000
2055893.000000
2056188.000000
2055893.000000
2055887.000000
2054869.000000
2055099.000000
2055527.000000
2055959.000000
2053914.000000
2053972.000000
2054215.000000
2054004.000000
2051923.000000
2052030.000000
2051776.000000
2052210.000000
2050588.000000
2050537.000000
2050604.000000
2050821.000000
2048687.000000
2048719.000000
2051295.000000
2053610.000000
2053736.000000
2054094.000000
2053775.000000
2053857.000000
2052463.000000
2052622.000000
2052572.000000
2053766.000000
2054000.000000
2057418.000000
2057245.000000
2057106.000000
2055023.000000
2055348.000000
2055097.000000
2055174.000000
2053839.000000
2053887.000000
2053750.000000
2054315.000000
2052362.000000
2052623.000000
2052889.000000
2052897.000000
2052944.000000
2052663.000000
2052696.000000
2053271.000000
2054495.000000
2053628.000000
2053624.000000
2054010.000000
2051946.000000
2052046.000000
2052222.000000
2052238.000000
2050107.000000
2050430.000000
2050172.000000
2050200.000000
2048917.000000
2049184.000000
2049001.000000
2049152.000000
2047120.000000
2047388.000000
2047651.000000
2048318.000000
2047448.000000
2051087.000000
2054123.000000
2057205.000000
2055919.000000
2056123.000000
2056165.000000
2056782.000000
2054876.000000
2055176.000000
2055649.000000
2056411.000000
2054411.000000
2054784.000000
2054737.000000
2055060.000000
2053716.000000
2053838.000000
2053937.000000
2054478.000000
2052429.000000
2052668.000000
2052762.000000
2052985.000000
2051003.000000
2051427.000000
2051256.000000
2051308.000000
2052085.000000
2051409.000000
2051435.000000
2052098.000000
2050215.000000
2050869.000000
2050974.000000
2050973.000000
2048826.000000
2049699.000000
2050123.000000
2050069.000000
2048820.000000
2048718.000000
2049076.000000
2050049.000000
2047903.000000
2048318.000000
2048704.000000
2048695.000000
2046392.000000
2046455.000000
2046268.000000
2046230.000000
2047113.000000
2046990.000000
2047150.000000
2047587.000000
2048158.000000
2047942.000000
2048478.000000
2048739.000000
2046504.000000
2047030.000000
2047397.000000
2048591.000000
2047998.000000
2048410.000000
2048436.000000
2048722.000000
2046733.000000
2046895.000000
2047308.000000
2047401.000000
2045273.000000
2045930.000000
2045917.000000
2046306.000000
2044990.000000
2045239.000000
2045435.000000
2046012.000000
2044019.000000
2044148.000000
2044517.000000
2044561.000000
2044624.000000
2044493.000000
2044425.000000
2044553.000000
2043214.000000
2043264.000000
2043301.000000
2043504.000000
2041242.000000
2041553.000000
2041981.000000
2041946.000000
2042115.000000
2041978.000000
2042024.000000
2042023.000000
2042712.000000
2042037.000000
2042120.000000
2043764.000000
2041686.000000
2041875.000000
2042071.000000
2042392.000000
2035833.000000
2036219.000000
2036224.000000
2036325.000000
2034894.000000
2035427.000000
2034837.000000
2034962.000000
2033928.000000
2032193.000000
2034139.000000
2033534.000000
2033637.000000
2034602.000000
2035008.000000
2032784.000000
2034144.000000
2032294.000000
2032450.000000
2033047.000000
2032793.000000
2030694.000000
2031807.000000
2031125.000000
2031353.000000
2029853.000000
2029653.000000
2029596.000000
2030521.000000
2028491.000000
2028692.000000
2029060.000000
2028770.000000
2026684.000000
2017757.000000
2018813.000000
2016251.000000
2017119.000000
2016191.000000
2015924.000000
2016984.000000
2002483.000000
2003652.000000
2003992.000000
2003872.000000
2003945.000000
2004511.000000
2003942.000000
2004197.000000
2002924.000000
2002662.000000
2002546.000000
2004013.000000
2002386.000000
2002551.000000
2003280.000000
2000808.000000
1999259.000000
2002206.000000
2001367.000000
2001982.000000
2023564.000000
2025704.000000
2028726.000000
2029601.000000
2028938.000000
2029195.000000
2030506.000000
2032093.000000
2044598.000000
2045440.000000
2046434.000000
2046855.000000
2048402.000000
2048468.000000
2048591.000000
2048977.000000
2048596.000000
2048757.000000
2049450.000000
2050621.000000
2049139.000000
2050566.000000
2050907.000000
2051294.000000
2049669.000000
2050605.000000
2050448.000000
2050925.000000
2052269.000000
2052070.000000
2052658.000000
2052939.000000
2051662.000000
2051897.000000
2052451.000000
2053961.000000
2052017.000000
2058245.000000
2058255.000000
2058330.000000
2057994.000000
2063447.000000
2063309.000000
2065202.000000
2061715.000000
2065141.000000
2064829.000000
2062730.000000
2065498.000000
2065342.000000
2064189.000000
2065773.000000
2066645.000000
2064887.000000
2064500.000000
2064673.000000
2063779.000000
2065530.000000
2066192.000000
2065765.000000
2067020.000000
2067796.000000
2070521.000000
2072086.000000
2073560.000000
2073101.000000
2074037.000000
2072277.000000
2072304.000000
2073397.000000
2073726.000000
2073942.000000
2074643.000000
2076944.000000
2076988.000000
2083100.000000
2083804.000000
2083572.000000
2084829.000000
2082861.000000
2084575.000000
2087114.000000
2089613.000000
2090041.000000
2092470.000000
2092651.000000
2092472.000000
2093577.000000
2094432.000000
2096510.000000
2097434.000000
2097979.000000
2097254.000000
2098540.000000
2099135.000000
2097401.000000
2098261.000000
2098204.000000
2097643.000000
2096446.000000
2096552.000000
2096055.000000
2096584.000000
2094521.000000
2093924.000000
2094638.000000
2094533.000000
2092520.000000
2093125.000000
2093256.000000
2062459.000000
2059309.000000
2058752.000000
2059289.000000
2054051.000000
2055911.000000
2055990.000000
2002981.000000
2000917.000000
2000937.000000
1939434.000000
1935743.000000
1937318.000000
1936536.000000
1933902.000000
1934352.000000
1936633.000000
1878271.000000
1878695.000000
1879892.000000
1815380.000000
1813798.000000
1814136.000000
1812082.000000
1809459.000000
1812086.000000
1810006.000000
1753095.000000
1754094.000000
1752476.000000
1749413.000000
1688811.000000
1688775.000000
1685926.000000
1685255.000000
1684624.000000
1684358.000000
1682977.000000
1682262.000000
1681787.000000
1681553.000000
1678787.000000
1678293.000000
1677962.000000
1677450.000000
1676739.000000
1675741.000000
1674808.000000
1674875.000000
1675472.000000
1674127.000000
1671241.000000
1673260.000000
1628599.000000
1628064.000000
1632897.000000
1631286.000000
1628778.000000
1628230.000000
1628241.000000
1627380.000000
1624357.000000
1624693.000000
1623085.000000
1622077.000000
1622903.000000
1622214.000000
1621078.000000
1621041.000000
1620221.000000
1617436.000000
1621041.000000
1620055.000000
1620434.000000
1617737.000000
1617364.000000
1616495.000000
1616325.000000
1616470.000000
1615349.000000
1614626.000000
1615164.000000
1614664.000000
1613598.000000
1612954.000000
1612304.000000
1611591.000000
1610988.000000
1610235.000000
1610090.000000
1605663.000000
1607664.000000
1610221.000000
1610292.000000
1608003.000000
1607992.000000
1608043.000000
1607391.000000
1607215.000000
1608507.000000
1605898.000000
1606932.000000
1607898.000000
1606759.000000
1606076.000000
1605129.000000
1601601.000000
1600209.000000
1602227.000000
1597108.000000
1598045.000000
1602392.000000
1596612.000000
1594730.000000
1596497.000000
1595897.000000
1593225.000000
1593091.000000
1592824.000000
1592602.000000
1589222.000000
1587867.000000
1585361.000000
1585241.000000
1578800.000000
1576191.000000
1576475.000000
1575899.000000
1577213.000000
1577857.000000
1577498.000000
1575852.000000
1577302.000000
1576673.000000
1578165.000000
1577986.000000
1567851.000000
1567983.000000
1565754.000000
1565082.000000
1564665.000000
1565764.000000
1565863.000000
1564205.000000
1564697.000000
1564663.000000
1563493.000000
1563186.000000
1563032.000000
1562547.000000
1562602.000000
1561640.000000
1560405.000000
1561050.000000
1559492.000000
1559600.000000
1559183.000000
1558313.000000
1556947.000000
1556354.000000
1556013.000000
1554319.000000
1554551.000000
1554007.000000
1553033.000000
1552862.000000
1552198.000000
1550553.000000
1552001.000000
1551036.000000
1550558.000000
1558787.000000
1560506.000000
1559497.000000
1559574.000000
1559005.000000
1558334.000000
1560819.000000
1560533.000000
1559349.000000
1560353.000000
1560887.000000
1560519.000000
1555524.000000
1558131.000000
1554673.000000
1556337.000000
1556462.000000
1555455.000000
1554630.000000
1558190.000000
1556868.000000
1552219.000000
1554530.000000
1553289.000000
1552156.000000
1552382.000000
1551900.000000
1551275.000000
1550576.000000
1553743.000000
1552821.000000
1552380.000000
1551926.000000
1551287.000000
1550469.000000
1550581.000000
1549572.000000
1549120.000000
1548515.000000
1547845.000000
1547228.000000
1549510.000000
1548176.000000
1548053.000000
1547743.000000
1547183.000000
1546481.000000
1549254.000000
1548426.000000
1548000.000000
1546943.000000
1546856.000000
1546075.000000
1548920.000000
1548280.000000
1547836.000000
1547190.000000
1546786.000000
1546026.000000
1546248.000000
1545293.000000
1543371.000000
1538054.000000
1535299.000000
1533926.000000
1531434.000000
1530873.000000
1530143.000000
1529520.000000
1528676.000000
1529811.000000
1529319.000000
1528351.000000
1527726.000000
1529542.000000
1531412.000000
1532792.000000
1532149.000000
1531521.000000
1532817.000000
1534204.000000
1533411.000000
1532780.000000
1531696.000000
1531465.000000
1531321.000000
1530828.000000
1529527.000000
1531013.000000
1534154.000000
1533594.000000
1532878.000000
1531078.000000
1532607.000000
1534330.000000
1534549.000000
1534706.000000
1534241.000000
1533265.000000
1533153.000000
1531995.000000
1531549.000000
1533055.000000
1534518.000000
1533225.000000
1532288.000000
1531896.000000
1532281.000000
1532259.000000
1531628.000000
1530664.000000
1531181.000000
1530645.000000
1530237.000000
1531187.000000
1529952.000000
1528769.000000
1528551.000000
1527694.000000
1528377.000000
1528314.000000
1527421.000000
1526501.000000
1527903.000000
1526933.000000
1524894.000000
1524368.000000
1523395.000000
1524459.000000
1524194.000000
1523883.000000
1522258.000000
1522854.000000
1522144.000000
1521659.000000
1522994.000000
1524499.000000
1522631.000000
1523009.000000
1522304.000000
1523107.000000
1522684.000000
1522025.000000
1522547.000000
1523479.000000
1522629.000000
1521598.000000
1521329.000000
1521483.000000
1520830.000000
1520883.000000
1520189.000000
1521717.000000
1521549.000000
1521199.000000
1519526.000000
1521787.000000
1523044.000000
1521810.000000
1521683.000000
1521478.000000
1520231.000000
1520296.000000
1519737.000000
1519404.000000
1517907.000000
1517093.000000
1516044.000000
1515825.000000
1515047.000000
1513648.000000
1514014.000000
1513246.000000
1512280.000000
1512249.000000
1559365.000000
1560587.000000
1561748.000000
1561259.000000
1559869.000000
1562372.000000
1562047.000000
1560749.000000
1560436.000000
1559825.000000
1560660.000000
1560440.000000
1559716.000000
1558472.000000
1558727.000000
1558196.000000
1556849.000000
1556732.000000
1556113.000000
1555524.000000
1555854.000000
1555059.000000
1554703.000000
1556332.000000
1556416.000000
1555445.000000
1555136.000000
1554690.000000
1553189.000000
1554547.000000
1553757.000000
1553182.000000
1552550.000000
1551685.000000
1552435.000000
1555689.000000
1554471.000000
1553141.000000
1553021.000000
1552272.000000
1553066.000000
1552870.000000
1552373.000000
1551419.000000
1551862.000000
1551231.000000
1549876.000000
1549530.000000
1548740.000000
1549186.000000
1552341.000000
1551392.000000
1550165.000000
1546128.000000
1547527.000000
1549272.000000
1524306.000000
1524310.000000
1520482.000000
1521036.000000
1519658.000000
1517979.000000
1519517.000000
1501298.000000
1501079.000000
1499633.000000
1498552.000000
1498999.000000
1497715.000000
1496827.000000
1496091.000000
1495250.000000
1494212.000000
1493509.000000
1492423.000000
1490950.000000
1489767.000000
1489136.000000
1488132.000000
1486767.000000
1486612.000000
1485275.000000
1485249.000000
1484241.000000
1483130.000000
1481807.000000
1481817.000000
1480525.000000
1481140.000000
1483923.000000
1483008.000000
1481429.000000
1476767.000000
1473887.000000
1473732.000000
1473816.000000
1468004.000000
1467881.000000
1471792.000000
1470982.000000
1469224.000000
1468307.000000
1468287.000000
1467202.000000
1466247.000000
1468255.000000
1469021.000000
1467785.000000
1467193.000000
1467503.000000
1466571.000000
1468214.000000
1466530.000000
1464604.000000
1465533.000000
1463824.000000
1465365.000000
1461259.000000
1461204.000000
1456929.000000
1456632.000000
1455683.000000
1454788.000000
1456394.000000
1454871.000000
1453881.000000
1453629.000000
1452100.000000
1453522.000000
1448769.000000
1450036.000000
1441590.000000
1444318.000000
1442990.000000
1441739.000000
1442451.000000
1439754.000000
1438986.000000
1436739.000000
1433850.000000
1437196.000000
1439230.000000
1438078.000000
1438879.000000
1436938.000000
1437712.000000
1436960.000000
1438438.000000
1438806.000000
1437919.000000
1439655.000000
1439337.000000
1438121.000000
1439456.000000
1442834.000000
1442471.000000
1442008.000000
1443742.000000
1444938.000000
1444582.000000
1444429.000000
1443855.000000
1442523.000000
1444264.000000
1445697.000000
1445207.000000
1444891.000000
1444272.000000
1443834.000000
1443547.000000
1443093.000000
1444878.000000
1444551.000000
1443898.000000
1443464.000000
1443350.000000
1442815.000000
1444338.000000
1444124.000000
1443622.000000
1445829.000000
1445412.000000
1444933.000000
1444436.000000
1443734.000000
1443481.000000
1445634.000000
1445681.000000
1445652.000000
1445503.000000
1445842.000000
1445472.000000
1445393.000000
1445507.000000
1445378.000000
1447244.000000
1447649.000000
1447234.000000
1447122.000000
1447211.000000
1447797.000000
1448312.000000
1448222.000000
1447804.000000
1450480.000000
1452001.000000
1451762.000000
1451875.000000
1452971.000000
1453252.000000
1453673.000000
1453840.000000
1453742.000000
1456335.000000
1457712.000000
1457300.000000
1457235.000000
1458708.000000
1458545.000000
1460733.000000
1458232.000000
1455953.000000
1458758.000000
1459470.000000
1458781.000000
1458297.000000
1459535.000000
1459112.000000
1461070.000000
1461715.000000
1460931.000000
1462234.000000
1466334.000000
1465830.000000
1465605.000000
1464783.000000
1464963.000000
1465736.000000
1467119.000000
1467232.000000
1466681.000000
1468647.000000
1471157.000000
1472571.000000
1472433.000000
1473731.000000
1472936.000000
1473213.000000
1473786.000000
1473298.000000
1473140.000000
1474339.000000
1473688.000000
1473293.000000
1473950.000000
1473390.000000
1475122.000000
1476062.000000
1475878.000000
1474132.000000
1474674.000000
1474661.000000
1474762.000000
1474685.000000
1474761.000000
1472737.000000
1476691.000000
1473964.000000
1473658.000000
1474333.000000
1473733.000000
1473542.000000
1474752.000000
1472328.000000
1472008.000000
1473977.000000
1469347.000000
1470239.000000
1470801.000000
1470739.000000
1467473.000000
1472841.000000
1470429.000000
1470921.000000
1472449.000000
1471440.000000
1472660.000000
1473167.000000
1473088.000000
1475135.000000
1477565.000000
1477124.000000
1476986.000000
1477590.000000
1475228.000000
1475429.000000
1475668.000000
1476118.000000
1473763.000000
1477899.000000
1474874.000000
1474881.000000
1475607.000000
1474817.000000
1474416.000000
1475559.000000
1472429.000000
1473808.000000
1473624.000000
1472418.000000
1473038.000000
1476322.000000
1475610.000000
1475442.000000
1477653.000000
1478402.000000
1478383.000000
1480413.000000
1481394.000000
1478919.000000
1479255.000000
1477588.000000
1477506.000000
1478122.000000
1479664.000000
1481280.000000
1481252.000000
1481365.000000
1481228.000000
1483355.000000
1483220.000000
1482787.000000
1482777.000000
1484041.000000
1481700.000000
1482309.000000
1473668.000000
1474217.000000
1474253.000000
1474469.000000
1474984.000000
1477597.000000
1476870.000000
1475362.000000
1474479.000000
1474553.000000
1477675.000000
1478128.000000
1476524.000000
1477012.000000
1474388.000000
1475754.000000
1473008.000000
1472816.000000
1473438.000000
1470961.000000
1471073.000000
1475228.000000
1472938.000000
1473337.000000
1471522.000000
1472067.000000
1472943.000000
1473876.000000
1476777.000000
1474771.000000
1473952.000000
1474347.000000
1473849.000000
1476213.000000
1476329.000000
1478150.000000
1484191.000000
1484169.000000
1484924.000000
1484824.000000
1487064.000000
1484602.000000
1483271.000000
1485272.000000
1484813.000000
1484634.000000
1485228.000000
1482944.000000
1484151.000000
1486155.000000
1485736.000000
1485582.000000
1487507.000000
1485192.000000
1486706.000000
1487194.000000
1486702.000000
1486542.000000
1487288.000000
1486389.000000
1486067.000000
1488161.000000
1487556.000000
1487489.000000
1488203.000000
1487248.000000
1489435.000000
1490251.000000
1489687.000000
1490226.000000
1491046.000000
1488195.000000
1488550.000000
1489112.000000
1485706.000000
1488185.000000
1485900.000000
1483400.000000
1483689.000000
1484537.000000
1482400.000000
1479937.000000
1482128.000000
1481885.000000
1481330.000000
1482084.000000
1480975.000000
1483381.000000
1485540.000000
1481009.000000
1479460.000000
1481454.000000
1477732.000000
1478124.000000
1480076.000000
1477956.000000
1475368.000000
1477546.000000
1477575.000000
1476781.000000
1478513.000000
1480848.000000
1479476.000000
1480901.000000
1478462.000000
1480570.000000
1480918.000000
1481185.000000
1478523.000000
1479525.000000
1479522.000000
1478890.000000
1479173.000000
1479112.000000
1481759.000000
1481588.000000
1481559.000000
1480974.000000
1483722.000000
1484265.000000
1481418.000000
1481964.000000
1481960.000000
1484410.000000
1482511.000000
1482984.000000
1482967.000000
1484004.000000
1484189.000000
1481537.000000
1483036.000000
1483142.000000
1482298.000000
1482986.000000
1482934.000000
1479592.000000
1480518.000000
1478639.000000
1479809.000000
1483448.000000
1483704.000000
1480970.000000
1479889.000000
1482599.000000
1482102.000000
1483621.000000
1484383.000000
1483823.000000
1485614.000000
1487608.000000
1488440.000000
1488151.000000
1489095.000000
1486064.000000
1486040.000000
1486529.000000
1486415.000000
1483841.000000
1483009.000000
1482252.000000
1481872.000000
1482517.000000
1482023.000000
1481820.000000
1485753.000000
1485045.000000
1484734.000000
1484689.000000
1485977.000000
1486589.000000
1486686.000000
1486514.000000
1486099.000000
1486125.000000
1487707.000000
1441993.000000
1439662.000000
1440671.000000
1439144.000000
1441616.000000
1443331.000000
1439901.000000
1439907.000000
1439954.000000
1439799.000000
1439999.000000
1437919.000000
1437894.000000
1438442.000000
1438305.000000
1437884.000000
1439976.000000
1441684.000000
1441556.000000
1441587.000000
1442681.000000
1442229.000000
1444541.000000
1441955.000000
1441850.000000
1441306.000000
1441971.000000
1441937.000000
1441644.000000
1442609.000000
1440193.000000
1440559.000000
1440445.000000
1440223.000000
1440419.000000
1436405.000000
1435196.000000
1435109.000000
1435656.000000
1435465.000000
1435735.000000
1433703.000000
1433492.000000
1433526.000000
1436884.000000
1436445.000000
1436446.000000
1437816.000000
1439875.000000
1440088.000000
1437600.000000
1436922.000000
1436916.000000
1436219.000000
1436901.000000
1436998.000000
1434398.000000
1434856.000000
1434833.000000
1434632.000000
1434222.000000
1434228.000000
1434100.000000
1431986.000000
1431987.000000
1431358.000000
1432339.000000
1432499.000000
1429915.000000
1430419.000000
1430518.000000
1429645.000000
1430598.000000
1430535.000000
1430588.000000
1431065.000000
1431143.000000
1430355.000000
1431098.000000
1431068.000000
1430516.000000
1430956.000000
1430938.000000
1430643.000000
1430820.000000
1430833.000000
1430310.000000
1432105.000000
1432191.000000
1430047.000000
1429177.000000
1429711.000000
1431608.000000
1433308.000000
1433302.000000
1432841.000000
1433690.000000
1433611.000000
1425560.000000
1426630.000000
1427078.000000
1427681.000000
1427811.000000
1427513.000000
1427348.000000
1429012.000000
1426216.000000
1424488.000000
1423938.000000
1424388.000000
1422050.000000
1423422.000000
1420991.000000
1420831.000000
1421620.000000
1419417.000000
1421562.000000
1422884.000000
1422394.000000
1422112.000000
1422084.000000
1421784.000000
1423634.000000
1424388.000000
1422179.000000
1423788.000000
1427528.000000
1427363.000000
1427304.000000
1424849.000000
1424875.000000
1426599.000000
1427725.000000
1424328.000000
1428653.000000
1429971.000000
1429754.000000
1429857.000000
1430166.000000
1429964.000000
1424600.000000
1423893.000000
1422152.000000
1420334.000000
1420911.000000
1418035.000000
1420591.000000
1421436.000000
1418715.000000
1416542.000000
1417789.000000
1414946.000000
1414787.000000
1415934.000000
1410897.000000
1412213.000000
1411939.000000
1409093.000000
1409998.000000
1408506.000000
1409355.000000
1408419.000000
1406307.000000
1406426.000000
1408396.000000
1407777.000000
1408022.000000
1408234.000000
1409550.000000
1408832.000000
1410359.000000
1411094.000000
1408864.000000
1408012.000000
1410381.000000
1409636.000000
1409419.000000
1411388.000000
1408924.000000
1411325.000000
1412100.000000
1409756.000000
1410866.000000
1412138.000000
1412094.000000
1411946.000000
1412868.000000
1410065.000000
1412094.000000
1412869.000000
1412152.000000
1411719.000000
1412855.000000
1412331.000000
1412162.000000
1412874.000000
1410226.000000
1409974.000000
1413814.000000
1413376.000000
1413225.000000
1412612.000000
1413295.000000
1415018.000000
1414871.000000
1413021.000000
1410766.000000
1412794.000000
1413579.000000
1411458.000000
1410905.000000
1410956.000000
1410723.000000
1410656.000000
1410057.000000
1407944.000000
1410094.000000
1410980.000000
1408699.000000
1409139.000000
1407457.000000
1407216.000000
1407529.000000
1405607.000000
1404556.000000
1404709.000000
1407848.000000
1407787.000000
1407909.000000
1404330.000000
1405971.000000
1406694.000000
1402367.000000
1402240.000000
1402099.000000
1398960.000000
1400032.000000
1401265.000000
1401232.000000
1399937.000000
1399601.000000
1399825.000000
1398243.000000
1395740.000000
1395991.000000
1395626.000000
1395245.000000
1395064.000000
1398618.000000
1397778.000000
1397818.000000
1397596.000000
1397441.000000
1397513.000000
1398107.000000
1397863.000000
1398029.000000
1394138.000000
1392839.000000
1392862.000000
1396474.000000
1395867.000000
1395959.000000
1394102.000000
1393564.000000
1393386.000000
1392320.000000
1390782.000000
1390691.000000
1390819.000000
1390750.000000
1390845.000000
1391212.000000
1390860.000000
1391352.000000
1392069.000000
1390007.000000
1390256.000000
1388663.000000
1388379.000000
1388583.000000
1384799.000000
1383433.000000
1383399.000000
1386366.000000
1385899.000000
1386124.000000
1384234.000000
1383927.000000
1384150.000000
1380772.000000
1379442.000000
1381110.000000
1381021.000000
1380860.000000
1383582.000000
1382998.000000
1382762.000000
1382885.000000
1382357.000000
1381159.000000
1383305.000000
1383393.000000
1383937.000000
1386662.000000
1387684.000000
1387349.000000
1387224.000000
1389479.000000
1390599.000000
1390565.000000
1389356.000000
1387759.000000
1387564.000000
1385799.000000
1386267.000000
1383731.000000
1385346.000000
1382543.000000
1382382.000000
1383121.000000
1382291.000000
1381989.000000
1383029.000000
1379852.000000
1380370.000000
1378929.000000
1378338.000000
1378226.000000
1379568.000000
1376991.000000
1376823.000000
1377592.000000
1376786.000000
1376436.000000
1380180.000000
1380358.000000
1378659.000000
1379756.000000
1378275.000000
1378551.000000
1375337.000000
1375767.000000
1374337.000000
1370814.000000
1373238.000000
1374658.000000
1374834.000000
1373068.000000
1372982.000000
1373064.000000
1373503.000000
1373191.000000
1373094.000000
1373162.000000
1373031.000000
1373119.000000
1369688.000000
1368242.000000
1368262.000000
1368234.000000
1368101.000000
1368276.000000
1365696.000000
1367609.000000
1364840.000000
1365502.000000
1366127.000000
1365233.000000
1367489.000000
1364941.000000
1366920.000000
1358253.000000
1358767.000000
1358633.000000
1358203.000000
1358663.000000
1356343.000000
1358092.000000
1358341.000000
1356875.000000
1358742.000000
1358170.000000
1360333.000000
1360866.000000
1358519.000000
1359160.000000
1359506.000000
1359767.000000
1357470.000000
1358475.000000
1355560.000000
1357219.000000
1357538.000000
1356899.000000
1356898.000000
1357892.000000
1358095.000000
1355979.000000
1356674.000000
1356220.000000
1355876.000000
1357238.000000
1354035.000000
1353859.000000
1354401.000000
1354068.000000
1358125.000000
1358996.000000
1360473.000000
1359759.000000
1360526.000000
1358473.000000
1358373.000000
1358342.000000
1358857.000000
1358286.000000
1358698.000000
1359083.000000
1360558.000000
1363194.000000
1363934.000000
1364422.000000
1366330.000000
1364307.000000
1362621.000000
1363886.000000
1364655.000000
1363242.000000
1364842.000000
1364915.000000
1365582.000000
1367096.000000
1368041.000000
1366384.000000
1366858.000000
1368980.000000
1366634.000000
1365365.000000
1362945.000000
1363323.000000
1363547.000000
1363293.000000
1362972.000000
1362981.000000
1362164.000000
1366190.000000
1366105.000000
1366224.000000
1366494.000000
1367469.000000
1364750.000000
1362809.000000
1366591.000000
1366852.000000
1363788.000000
1365242.000000
1366620.000000
1366484.000000
1368381.000000
1366343.000000
1366161.000000
1365610.000000
1365444.000000
1365027.000000
1364982.000000
1367205.000000
1365108.000000
1365671.000000
1365571.000000
1365245.000000
1365291.000000
1366037.000000
1365858.000000
1366082.000000
1362397.000000
1361136.000000
1361066.000000
1361360.000000
1361762.000000
1363022.000000
1363225.000000
1360704.000000
1360353.000000
1361261.000000
1359240.000000
1356599.000000
1357200.000000
1356341.000000
1356022.000000
1357981.000000
1357481.000000
1359743.000000
1360537.000000
1359628.000000
1359325.000000
1360455.000000
1359897.000000
1360320.000000
1361126.000000
1358863.000000
1357341.000000
1358272.000000
1358404.000000
1356014.000000
1357347.000000
1356471.000000
1355731.000000
1356842.000000
1356497.000000
1357598.000000
1357234.000000
1359778.000000
1357022.000000
1357445.000000
1354147.000000
1356695.000000
1355339.000000
1355288.000000
1354969.000000
1355521.000000
1355431.000000
1354810.000000
1355244.000000
1355325.000000
1354237.000000
1354698.000000
1354496.000000
1352959.000000
1352321.000000
1352036.000000
1354673.000000
1352926.000000
1353261.000000
1352305.000000
1355957.000000
1356000.000000
1355179.000000
1355457.000000
1355367.000000
1356902.000000
1357336.000000
1357478.000000
1358351.000000
1362338.000000
1362549.000000
1361851.000000
1363478.000000
1363516.000000
1364553.000000
1368462.000000
1368385.000000
1367862.000000
1366977.000000
1369377.000000
1369383.000000
1369497.000000
1369946.000000
1367734.000000
1370370.000000
1368571.000000
1369513.000000
1366766.000000
1367636.000000
1367661.000000
1366910.000000
1367224.000000
1367768.000000
1369436.000000
1370010.000000
1370093.000000
1371167.000000
1371396.000000
1371824.000000
1372085.000000
1371904.000000
1371860.000000
1373201.000000
1372838.000000
1375140.000000
1375284.000000
1375114.000000
1375176.000000
1375319.000000
1374903.000000
1375413.000000
1375629.000000
1374891.000000
1376722.000000
1377122.000000
1376843.000000
1376712.000000
1376863.000000
1376677.000000
1378880.000000
1378793.000000
1378388.000000
1378365.000000
1379749.000000
1377386.000000
1377783.000000
1375522.000000
1375296.000000
1372089.000000
1373104.000000
1371529.000000
1372160.000000
1372091.000000
1372308.000000
1372964.000000
1372990.000000
1372794.000000
1372883.000000
1372243.000000
1372016.000000
1374424.000000
1374115.000000
1373705.000000
1373668.000000
1374254.000000
1374031.000000
1374100.000000
1373870.000000
1373465.000000
1375240.000000
1379062.000000
1378968.000000
1379036.000000
1375456.000000
1374180.000000
1376090.000000
1376178.000000
1375979.000000
1376084.000000
1374546.000000
1374382.000000
1374530.000000
1371808.000000
1370389.000000
1372681.000000
1372604.000000
1372583.000000
1372654.000000
1371197.000000
1371008.000000
1365880.000000
1367981.000000
1366187.000000
1368412.000000
1368973.000000
1366360.000000
1366222.000000
1367518.000000
1367486.000000
1366939.000000
1366936.000000
1366790.000000
1366677.000000
1364314.000000
1363566.000000
1365768.000000
1365704.000000
1365308.000000
1367966.000000
1367828.000000
1367674.000000
1367881.000000
1365640.000000
1365323.000000
1367500.000000
1367033.000000
1366997.000000
1366709.000000
1368130.000000
1365635.000000
1366037.000000
1365329.000000
1365152.000000
1364693.000000
1364446.000000
1370945.000000
1372660.000000
1371272.000000
1371201.000000
1373510.000000
1374215.000000
1372106.000000
1371891.000000
1374834.000000
1374547.000000
1374927.000000
1373319.000000
1372517.000000
1372667.000000
1370416.000000
1369829.000000
1371015.000000
1374603.000000
1374339.000000
1374610.000000
1371085.000000
1373329.000000
1375784.000000
1376873.000000
1377242.000000
1377202.000000
1378775.000000
1379338.000000
1379349.000000
1376893.000000
1376126.000000
1376016.000000
1378171.000000
1376553.000000
1376960.000000
1376992.000000
1377074.000000
1379088.000000
1379243.000000
1377680.000000
1377474.000000
1377536.000000
1406317.000000
1405949.000000
1406427.000000
1407149.000000
1405481.000000
1405789.000000
1403545.000000
1403925.000000
1403936.000000
1403133.000000
1403899.000000
1403779.000000
1403268.000000
1403676.000000
1403773.000000
1401233.000000
1403601.000000
1403003.000000
1399526.000000
1400966.000000
1402447.000000
1402030.000000
1402240.000000
1401675.000000
1402013.000000
1402726.000000
1402363.000000
1405083.000000
1402878.000000
1402589.000000
1402525.000000
1403954.000000
1403823.000000
1404012.000000
1404235.000000
1405969.000000
1406051.000000
1407297.000000
1405890.000000
1405729.000000
1407181.000000
1407006.000000
1407612.000000
1407898.000000
1408370.000000
1408334.000000
1407799.000000
1408729.000000
1408771.000000
1406391.000000
1405475.000000
1406000.000000
1405977.000000
1406357.000000
1406416.000000
1405664.000000
1406310.000000
1406230.000000
1405748.000000
1406221.000000
1406216.000000
1407480.000000
1407735.000000
1407694.000000
1407173.000000
1410372.000000
1410391.000000
1409592.000000
1411213.000000
1411046.000000
1412801.000000
1413331.000000
1413427.000000
1411043.000000
1410817.000000
1410669.000000
1410222.000000
1410665.000000
1410682.000000
1409911.000000
1410584.000000
1410598.000000
1408464.000000
1408950.000000
1408854.000000
1406381.000000
1408355.000000
1408066.000000
1408333.000000
1406563.000000
1406891.000000
1406492.000000
1406876.000000
1403585.000000
1403646.000000
1402455.000000
1402516.000000
1402909.000000
1401078.000000
1399094.000000
1401930.000000
1402264.000000
1402132.000000
1401569.000000
1402597.000000
1404477.000000
1403617.000000
1404329.000000
1404381.000000
1403677.000000
1404113.000000
1404136.000000
1405486.000000
1405738.000000
1407634.000000
1407053.000000
1410935.000000
1411041.000000
1410222.000000
1411824.000000
1412490.000000
1412015.000000
1414217.000000
1414309.000000
1411906.000000
1412528.000000
1412404.000000
1409204.000000
1411280.000000
1411259.000000
1413337.000000
1413344.000000
1413249.000000
1413036.000000
1414531.000000
1412074.000000
1412223.000000
1410581.000000
1410376.000000
1410330.000000
1410135.000000
1409770.000000
1412822.000000
1412990.000000
1412847.000000
1412883.000000
1412754.000000
1412879.000000
1412874.000000
1413508.000000
1413338.000000
1413201.000000
1412800.000000
1413128.000000
1413963.000000
1414779.000000
1413040.000000
1412749.000000
1413742.000000
1412088.000000
1412355.000000
1411997.000000
1411976.000000
1412524.000000
1411778.000000
1411991.000000
1411921.000000
1412815.000000
1410445.000000
1411502.000000
1410817.000000
1409402.000000
1409604.000000
1407440.000000
1406951.000000
1407923.000000
1405575.000000
1405133.000000
1405044.000000
1405398.000000
1404741.000000
1405502.000000
1402688.000000
1404417.000000
1404412.000000
1404294.000000
1403805.000000
1404402.000000
1403816.000000
1404221.000000
1404225.000000
1404015.000000
1403591.000000
1404173.000000
1403586.000000
1404182.000000
1399200.000000
1400276.000000
1399072.000000
1397621.000000
1397428.000000
1397204.000000
1397082.000000
1397643.000000
1397921.000000
1397375.000000
1396839.000000
1397288.000000
1397288.000000
1391800.000000
1391329.000000
1391262.000000
1389723.000000
1389683.000000
1389905.000000
1389338.000000
1389588.000000
1389933.000000
1389163.000000
1388983.000000
1388946.000000
1388485.000000
1387477.000000
1387823.000000
1386930.000000
1387932.000000
1384777.000000
1386968.000000
1386922.000000
1387157.000000
1387820.000000
1392814.000000
1392117.000000
1392692.000000
1393356.000000
1391356.000000
1390705.000000
1391227.000000
1388089.000000
1390371.000000
1391535.000000
1392436.000000
1390802.000000
1390178.000000
1390837.000000
1389453.000000
1390575.000000
1388990.000000
1390055.000000
1388072.000000
1388549.000000
1388914.000000
1388814.000000
1389177.000000
1390013.000000
1390899.000000
1389296.000000
1390573.000000
1390110.000000
1390665.000000
1391308.000000
1391190.000000
1391618.000000
1392332.000000
1392097.000000
1392579.000000
1393321.000000
1391668.000000
1390925.000000
1391369.000000
1392383.000000
1390778.000000
1391532.000000
1391827.000000
1392404.000000
1393052.000000
1393853.000000
1392439.000000
1392938.000000
1393997.000000
1392358.000000
1393466.000000
1391313.000000
1391937.000000
1392640.000000
1392407.000000
1392462.000000
1392862.000000
1393193.000000
1393047.000000
1393783.000000
1393656.000000
1394051.000000
1394775.000000
1395137.000000
1395715.000000
1396631.000000
1396679.000000
1396965.000000
1397252.000000
1394764.000000
1396029.000000
1394324.000000
1394425.000000
1395001.000000
1395894.000000
1393932.000000
1394670.000000
1395121.000000
1395042.000000
1395078.000000
1395434.000000
1395540.000000
1396260.000000
1397004.000000
1397137.000000
1397801.000000
1398320.000000
1399252.000000
1397791.000000
1398878.000000
1396645.000000
1396762.000000
1397696.000000
1393496.000000
1393123.000000
1393761.000000
1394190.000000
1394501.000000
1395300.000000
1393319.000000
1393946.000000
1394865.000000
1391174.000000
1390109.000000
1390461.000000
1390777.000000
1389596.000000
1390285.000000
1386464.000000
1385813.000000
1386594.000000
1383661.000000
1384822.000000
1386856.000000
1385345.000000
1383877.000000
1384394.000000
1385319.000000
1382743.000000
1384133.000000
1384208.000000
1384278.000000
1384585.000000
1384993.000000
1384843.000000
1385425.000000
1383019.000000
1384433.000000
1384124.000000
1384804.000000
1383603.000000
1383813.000000
1382931.000000
1383601.000000
1383942.000000
1385023.000000
1383282.000000
1384387.000000
1382126.000000
1382684.000000
1383509.000000
1389360.000000
1393309.000000
1393858.000000
1394155.000000
1392128.000000
1393178.000000
1389025.000000
1388481.000000
1389591.000000
1387668.000000
1388423.000000
1387131.000000
1384885.000000
1383316.000000
1383834.000000
1381657.000000
1381624.000000
1380214.000000
1379965.000000
1378488.000000
1378973.000000
1376814.000000
1376700.000000
1375155.000000
1375247.000000
1372997.000000
1372838.000000
1370226.000000
1370538.000000
1368897.000000
1369412.000000
1365719.000000
1366557.000000
1362277.000000
1362514.000000
1361175.000000
1360608.000000
1358851.000000
1359323.000000
1357437.000000
1357529.000000
1356254.000000
1351835.000000
1349129.000000
1349390.000000
1347344.000000
1347100.000000
1345822.000000
1343877.000000
1342248.000000
1342668.000000
1340555.000000
1340600.000000
1339049.000000
1339691.000000
1336053.000000
1336622.000000
1332419.000000
1332654.000000
1335822.000000
1335346.000000
1333568.000000
1333935.000000
1332689.000000
1330641.000000
1329574.000000
1327183.000000
1325662.000000
1325946.000000
1324477.000000
1323157.000000
1321763.000000
1321280.000000
1319596.000000
1319919.000000
1317839.000000
1317874.000000
1316818.000000
1314521.000000
1312774.000000
1313265.000000
1309574.000000
1309045.000000
1307657.000000
1307527.000000
1305928.000000
1306594.000000
1302545.000000
1302961.000000
1301491.000000
1301294.000000
1299540.000000
1299983.000000
1298073.000000
1298221.000000
1296867.000000
1296565.000000
1287756.000000
1287944.000000
1284532.000000
1284866.000000
1283281.000000
1280730.000000
1279242.000000
1279675.000000
1278202.000000
1275969.000000
1272737.000000
1272250.000000
1270400.000000
1270833.000000
1268960.000000
1268923.000000
1267711.000000
1263567.000000
1260732.000000
1261059.000000
1256021.000000
1256794.000000
1256670.000000
1254984.000000
1251140.000000
1251201.000000
1250087.000000
1247719.000000
1246322.000000
1246705.000000
1244691.000000
1244859.000000
1243687.000000
1241533.000000
1239888.000000
1244789.000000
1240774.000000
1241282.000000
1238441.000000
1237994.000000
1236382.000000
1234730.000000
1235354.000000
1206413.000000
1205590.000000
1205217.000000
1203698.000000
1203134.000000
1201662.000000
1201457.000000
1199280.000000
1199721.000000
1197595.000000
1197640.000000
1196223.000000
1195910.000000
1194402.000000
1194951.000000
1191163.000000
1190182.000000
1188836.000000
1188656.000000
1187114.000000
1187463.000000
1185264.000000
1185376.000000
1183962.000000
1184556.000000
1180858.000000
1181445.000000
1177084.000000
1177331.000000
1175816.000000
1176173.000000
1173021.000000
1173301.000000
1171790.000000
1169387.000000
1166219.000000
1163981.000000
1161323.000000
1161617.000000
1160468.000000
1158288.000000
1157363.000000
1156818.000000
1154179.000000
1154027.000000
1152611.000000
1152205.000000
1150690.000000
1150926.000000
1149020.000000
1149227.000000
1147214.000000
1146530.000000
1145073.000000
1145560.000000
1143311.000000
1143381.000000
1142053.000000
1142122.000000
1141123.000000
1141644.000000
1137607.000000
1137939.000000
1136622.000000
1134665.000000
1131882.000000
1132123.000000
1130974.000000
1128936.000000
1127901.000000
1125519.000000
1123962.000000
1124546.000000
1123480.000000
1123412.000000
1122030.000000
1122099.000000
1120511.000000
1121158.000000
1118955.000000
1119024.000000
1117615.000000
1117523.000000
1115958.000000
1116424.000000
1112520.000000
1111407.000000
1109847.000000
1109849.000000
1108283.000000
1108786.000000
1105107.000000
1104627.000000
1103264.000000
1102911.000000
1101339.000000
1101930.000000
1099357.000000
1099630.000000
1098196.000000
1095201.000000
1093108.000000
1093605.000000
1091335.000000
1091551.000000
1088265.000000
1087929.000000
1086175.000000
1086572.000000
1084479.000000
1084749.000000
1083423.000000
1081149.000000
1079824.000000
1078134.000000
1074447.000000
1073372.000000
1071601.000000
1069615.000000
1068927.000000
1068236.000000
1067119.000000
1065167.000000
1063430.000000
1064194.000000
1060997.000000
1062001.000000
1059246.000000
1059430.000000
1057896.000000
1055349.000000
1053831.000000
1054165.000000
1051988.000000
1051959.000000
1050654.000000
1050322.000000
1048903.000000
1049021.000000
1047126.000000
1047493.000000
1045995.000000
1043548.000000
1041457.000000
1042088.000000
1039776.000000
1040521.000000
1038353.000000
1038033.000000
1036206.000000
1036742.000000
1034711.000000
1034711.000000
1033525.000000
1030866.000000
1028325.000000
1028126.000000
1027362.000000
1026493.000000
1024705.000000
1025399.000000
1021526.000000
1021504.000000
1019954.000000
1019776.000000
1018298.000000
1018433.000000
1016406.000000
1016328.000000
1015197.000000
1015025.000000
1013413.000000
1013300.000000
1011789.000000
1011793.000000
1010151.000000
1009797.000000
1008741.000000
1008658.000000
1007089.000000
1007137.000000
1005097.000000
1006087.000000
1002477.000000
1002377.000000
1000836.000000
1000761.000000
999612.000000
999181.000000
997767.000000
997626.000000
996657.000000
996182.000000
994678.000000
994940.000000
992980.000000
992644.000000
991557.000000
991066.000000
989881.000000
989811.000000
988348.000000
987743.000000
986717.000000
986543.000000
984868.000000
984425.000000
983229.000000
982984.000000
981028.000000
981194.000000
979241.000000
979078.000000
976869.000000
976562.000000
974610.000000
973803.000000
971931.000000
971757.000000
969667.000000
969544.000000
967802.000000
967384.000000
965200.000000
964823.000000
962594.000000
962212.000000
960500.000000
959936.000000
957700.000000
952547.000000
951617.000000
949635.000000
947557.000000
947191.000000
945072.000000
944759.000000
942643.000000
942176.000000
940010.000000
939698.000000
937465.000000
936975.000000
934751.000000
934359.000000
932130.000000
931826.000000
929688.000000
929374.000000
927306.000000
927568.000000
925369.000000
925083.000000
923480.000000
923140.000000
921066.000000
920696.000000
918519.000000
918288.000000
916165.000000
915821.000000
913703.000000
913340.000000
911731.000000
911360.000000
909139.000000
908761.000000
906550.000000
906328.000000
904197.000000
906154.000000
904170.000000
903774.000000
901573.000000
901107.000000
898937.000000
898600.000000
896352.000000
896254.000000
894607.000000
894050.000000
891873.000000
891490.000000
889731.000000
889675.000000
887709.000000
887727.000000
885297.000000
884820.000000
882669.000000
882315.000000
880187.000000
879753.000000
877542.000000
877271.000000
875059.000000
874565.000000
872842.000000
872647.000000
870270.000000
869939.000000
868269.000000
867528.000000
865390.000000
865158.000000
863016.000000
862610.000000
860888.000000
860413.000000
858610.000000
858672.000000
856815.000000
856190.000000
854027.000000
853513.000000
851865.000000
851506.000000
849437.000000
849095.000000
846947.000000
846651.000000
845135.000000
844654.000000
842502.000000
842511.000000
840353.000000
840033.000000
837754.000000
837508.000000
835510.000000
835048.000000
832833.000000
832581.000000
830881.000000
830867.000000
829047.000000
828613.000000
826834.000000
826367.000000
824163.000000
823598.000000
821485.000000
821050.000000
818800.000000
818796.000000
817314.000000
816901.000000
815278.000000
815041.000000
812881.000000
812433.000000
810303.000000
810086.000000
808298.000000
808399.000000
806122.000000
805788.000000
803657.000000
803273.000000
801128.000000
800950.000000
798835.000000
799159.000000
796923.000000
796653.000000
794629.000000
794310.000000
792219.000000
791820.000000
789685.000000
789260.000000
782901.000000
778309.000000
774996.000000
774656.000000
768936.000000
692907.000000
691043.000000
693308.000000
693758.000000
695998.000000
696464.000000
698864.000000
699328.000000
701035.000000
584231.000000
580043.000000
492141.000000
472581.000000
395685.000000
207838.000000
166983.000000
116553.000000
72710.000000
71602.000000
4130.000000
2989.000000
4216.000000
3934.000000
4254.000000
6672.000000
7109.000000
9533.000000
9956.000000
12190.000000
12593.000000
14763.000000
3416.000000
3792.000000
4220.000000
6579.000000
6934.000000
9358.000000
9758.000000
12114.000000
12469.000000
3554.000000
3853.000000
4230.000000
6533.000000
6881.000000
8419.000000
10658.000000
11058.000000
13437.000000
13856.000000
8921.000000
3559.000000
2562.000000
2983.000000
3368.000000
3788.000000
4140.000000
4489.000000
4846.000000
5177.000000
The average waiting time  is :  1855481.438750 
