1 , 4 62903.000000
68185.000000
98861.000000
123805.000000
132232.000000
145232.000000
152246.000000
157691.000000
161157.000000
168669.000000
176257.000000
184186.000000
193011.000000
200283.000000
208932.000000
213231.000000
217411.000000
239338.000000
254975.000000
262036.000000
268381.000000
274925.000000
281559.000000
293363.000000
297139.000000
300286.000000
307908.000000
311012.000000
315799.000000
322351.000000
324732.000000
327103.000000
330609.000000
339453.000000
366332.000000
370344.000000
372425.000000
375297.000000
383524.000000
385725.000000
387748.000000
391398.000000
395761.000000
401801.000000
410682.000000
414292.000000
418985.000000
427398.000000
435735.000000
448070.000000
459557.000000
463985.000000
470373.000000
474758.000000
480988.000000
485449.000000
493769.000000
505118.000000
510737.000000
516727.000000
520281.000000
531319.000000
535906.000000
542162.000000
548110.000000
553753.000000
558986.000000
564083.000000
569246.000000
577719.000000
587524.000000
591569.000000
598062.000000
602811.000000
607634.000000
613529.000000
620289.000000
628967.000000
633864.000000
640073.000000
643243.000000
440208.000000
431977.000000
436185.000000
447103.000000
452490.000000
459231.000000
462329.000000
468192.000000
474422.000000
477437.000000
484570.000000
491481.000000
497525.000000
495263.000000
500365.000000
514730.000000
520589.000000
527033.000000
530796.000000
347309.000000
344276.000000
349036.000000
352749.000000
358716.000000
362296.000000
371421.000000
380681.000000
390709.000000
396835.000000
408103.000000
413836.000000
420214.000000
422568.000000
427264.000000
388067.000000
371673.000000
350473.000000
332370.000000
326754.000000
330430.000000
332684.000000
337177.000000
340918.000000
349496.000000
357165.000000
360913.000000
344127.000000
350573.000000
356571.000000
362478.000000
369327.000000
374120.000000
376638.000000
381603.000000
369623.000000
334005.000000
261340.000000
258469.000000
263353.000000
268092.000000
274558.000000
259928.000000
254970.000000
232864.000000
230906.000000
227905.000000
234948.000000
247632.000000
252138.000000
260551.000000
264585.000000
270342.000000
275741.000000
281870.000000
284600.000000
288878.000000
291731.000000
285342.000000
289269.000000
292380.000000
299006.000000
265332.000000
230029.000000
224028.000000
137692.000000
120727.000000
109290.000000
704.000000
2466.000000
6209.000000
1994.000000
901.000000
14854.000000
4260.000000
20978.000000
17694.000000
5564.000000
20229.000000
17094.000000
4304.000000
1579.000000
700.000000
4750.000000
1965.000000
5446.000000
2694.000000
5516.000000
13504.000000
10857.000000
13115.000000
10486.000000
13481.000000
11089.000000
12917.000000
10714.000000
13167.000000
10840.000000
12802.000000
10406.000000
13368.000000
10717.000000
12927.000000
10757.000000
13358.000000
10627.000000
12756.000000
10768.000000
13236.000000
9798.000000
14708.000000
11847.000000
24069.000000
13042.000000
10590.000000
13561.000000
11217.000000
13105.000000
10360.000000
13277.000000
11062.000000
12739.000000
10621.000000
13449.000000
10786.000000
12719.000000
9541.000000
15261.000000
13393.000000
5776.000000
4860.000000
20945.000000
16937.000000
4488.000000
20427.000000
17157.000000
5399.000000
20091.000000
16658.000000
4329.000000
724.000000
6106.000000
4302.000000
1975.000000
10196.000000
1243.000000
5042.000000
12878.000000
10712.000000
13818.000000
10093.000000
12181.000000
6079.000000
1437.000000
5564.000000
13483.000000
10826.000000
13007.000000
10532.000000
13757.000000
10822.000000
12812.000000
10782.000000
13317.000000
10895.000000
13065.000000
10402.000000
13361.000000
10757.000000
13069.000000
10460.000000
13450.000000
10902.000000
13032.000000
10545.000000
13350.000000
10732.000000
13007.000000
10306.000000
13221.000000
11044.000000
12772.000000
10538.000000
13316.000000
10969.000000
2359.000000
4948.000000
13794.000000
10588.000000
12860.000000
10514.000000
13508.000000
11029.000000
12720.000000
10548.000000
13474.000000
10542.000000
12953.000000
10813.000000
14302.000000
10912.000000
13117.000000
10621.000000
13601.000000
10701.000000
24141.000000
16596.000000
14337.000000
2494.000000
46010.000000
4453.000000
18713.000000
16118.000000
12507.000000
10380.000000
11282.000000
2542.000000
18733.000000
4779.000000
2184.000000
3721.000000
6764.000000
5108.000000
2593.000000
2034.000000
869.000000
17487.000000
21318.000000
3059.000000
5324.000000
12668.000000
13050.000000
4401.000000
2260.000000
7697.000000
6440.000000
13268.000000
17219.000000
14417.000000
9539.000000
13109.000000
10291.000000
11807.000000
9619.000000
13007.000000
10119.000000
836.000000
13964.000000
4608.000000
20518.000000
19952.000000
1905.000000
4308.000000
2335.000000
3969.000000
552.000000
13391.000000
4967.000000
14100.000000
11696.000000
4417.000000
20951.000000
19232.000000
4809.000000
23338.000000
23086.000000
12990.000000
11337.000000
13300.000000
14397.000000
9108.000000
8276.000000
6025.000000
12697.000000
3198.000000
3996.000000
8650.000000
11368.000000
15256.000000
18239.000000
24371.000000
30572.000000
34073.000000
40333.000000
45199.000000
1285.000000
14797.000000
4036.000000
22180.000000
24706.000000
5978.000000
19622.000000
16601.000000
3619.000000
20451.000000
19125.000000
4299.000000
19760.000000
16973.000000
5007.000000
19980.000000
16852.000000
2940.000000
1986.000000
2497.000000
4280.000000
16456.000000
15339.000000
12520.000000
808.000000
2534.000000
4805.000000
20773.000000
17522.000000
4842.000000
21186.000000
19614.000000
10981.000000
11299.000000
13101.000000
10520.000000
12431.000000
9490.000000
13105.000000
10776.000000
12470.000000
9239.000000
12904.000000
10922.000000
11960.000000
10594.000000
12630.000000
11234.000000
12353.000000
9247.000000
13110.000000
11064.000000
11799.000000
10118.000000
3125.000000
4178.000000
19588.000000
17224.000000
4195.000000
19593.000000
17092.000000
5417.000000
19639.000000
16651.000000
4322.000000
19446.000000
16900.000000
4699.000000
19730.000000
17078.000000
4866.000000
20437.000000
16588.000000
4456.000000
19950.000000
16686.000000
4676.000000
19609.000000
16797.000000
5041.000000
19507.000000
16187.000000
4503.000000
19930.000000
17297.000000
4877.000000
19217.000000
16742.000000
5388.000000
19566.000000
16116.000000
4372.000000
823.000000
1049.000000
4513.000000
13002.000000
10921.000000
13387.000000
11269.000000
13417.000000
10653.000000
13483.000000
10963.000000
12736.000000
11094.000000
13451.000000
11135.000000
12934.000000
10852.000000
13235.000000
10953.000000
12837.000000
11187.000000
13302.000000
10976.000000
18940.000000
10837.000000
13288.000000
11182.000000
12848.000000
10826.000000
13242.000000
11386.000000
12674.000000
10939.000000
13292.000000
10944.000000
12778.000000
10849.000000
13174.000000
11176.000000
12920.000000
10856.000000
13283.000000
11032.000000
12777.000000
10960.000000
13220.000000
10880.000000
12845.000000
11417.000000
13644.000000
11619.000000
12867.000000
10987.000000
13108.000000
10860.000000
12634.000000
10779.000000
13196.000000
11276.000000
12855.000000
10835.000000
13179.000000
11033.000000
12829.000000
10916.000000
13267.000000
11125.000000
2934.000000
3774.000000
8490.000000
5195.000000
13233.000000
10818.000000
12840.000000
10757.000000
12635.000000
10851.000000
12896.000000
10927.000000
12742.000000
10944.000000
13284.000000
11039.000000
12808.000000
10829.000000
13004.000000
10365.000000
12890.000000
11178.000000
12667.000000
11020.000000
12637.000000
10782.000000
27154.000000
19649.000000
17752.000000
6154.000000
1875.000000
5517.000000
12240.000000
10601.000000
13540.000000
10352.000000
12474.000000
10183.000000
12620.000000
10374.000000
12294.000000
10235.000000
14008.000000
10028.000000
12325.000000
10059.000000
13025.000000
10638.000000
12361.000000
10218.000000
13479.000000
10449.000000
12526.000000
10142.000000
12705.000000
10336.000000
12021.000000
10166.000000
12720.000000
10213.000000
12464.000000
10209.000000
12800.000000
10144.000000
12614.000000
10270.000000
3006.000000
5120.000000
21578.000000
20105.000000
4559.000000
1542.000000
3391.000000
5784.000000
13050.000000
10224.000000
14383.000000
13193.000000
13457.000000
2679.000000
6328.000000
1842.000000
857.000000
14953.000000
12518.000000
2518.000000
18227.000000
11687.000000
8317.000000
8258.000000
4147.000000
1654.000000
2777.000000
3032.000000
8480.000000
10849.000000
22000.000000
34516.000000
39978.000000
20912.000000
17313.000000
9674.000000
11659.000000
8188.000000
16614.000000
12390.000000
15271.000000
17904.000000
16998.000000
2318.000000
3971.000000
7756.000000
4855.000000
1087.000000
6314.000000
16738.000000
21064.000000
21902.000000
29473.000000
288835.000000
6514.000000
28920.000000
28847.000000
12744.000000
8646.000000
2375.000000
3978.000000
21095.000000
18688.000000
4135.000000
13690.000000
11815.000000
9497.000000
17252.000000
17195.000000
20833.000000
25706.000000
28276.000000
35819.000000
40063.000000
38958.000000
43213.000000
49176.000000
62583.000000
68762.000000
72561.000000
81493.000000
85149.000000
82120.000000
86978.000000
95157.000000
101072.000000
67237.000000
70009.000000
73487.000000
81429.000000
63964.000000
48358.000000
26964.000000
10988.000000
12220.000000
18290.000000
719.000000
2347.000000
1549.000000
8444.000000
5720.000000
3538.000000
1086.000000
12645.000000
12070.000000
10256.000000
769.000000
6190.000000
3280.000000
3056.000000
5086.000000
13927.000000
8158.000000
4290.000000
1185.000000
1939.000000
6729.000000
8145.000000
520.000000
3106.000000
6825.000000
5549.000000
3256.000000
2466.000000
5324.000000
4368.000000
1269.000000
2931.000000
481.000000
3609.000000
1885.000000
4516.000000
657.000000
4223.000000
1344.000000
13962.000000
10773.000000
11900.000000
12563.000000
12957.000000
6052.000000
14117.000000
9435.000000
4861.000000
3993.000000
2958.000000
3388.000000
7400.000000
11397.000000
13220.000000
17726.000000
1742.000000
5969.000000
4190.000000
1508.000000
5440.000000
4566.000000
5375.000000
5910.000000
2093.000000
6230.000000
3527.000000
2522.000000
14949.000000
3808.000000
22100.000000
22086.000000
5577.000000
624.000000
4757.000000
4471.000000
756.000000
2496.000000
2029.000000
8342.000000
17434.000000
10067.000000
2900.000000
6263.000000
4962.000000
22628.000000
22728.000000
3242.000000
645.000000
13713.000000
4438.000000
537.000000
6570.000000
5073.000000
11850.000000
9138.000000
12163.000000
8112.000000
15257.000000
10185.000000
12527.000000
9719.000000
13822.000000
11048.000000
29179.000000
29248.000000
15861.000000
13323.000000
12081.000000
12113.000000
13263.000000
6914.000000
15147.000000
9628.000000
12892.000000
6164.000000
1485.000000
7750.000000
9579.000000
11933.000000
12226.000000
13081.000000
7570.000000
3955.000000
4697.000000
20083.000000
16780.000000
4083.000000
642.000000
14420.000000
4083.000000
1554.000000
5118.000000
4880.000000
1277.000000
1375.000000
2338.000000
4605.000000
1125.000000
12802.000000
12145.000000
14028.000000
15044.000000
14504.000000
16459.000000
2691.000000
3836.000000
606.000000
14497.000000
10248.000000
11369.000000
9745.000000
13751.000000
9139.000000
11644.000000
9884.000000
13551.000000
11458.000000
14776.000000
10200.000000
11829.000000
9865.000000
13810.000000
10763.000000
11802.000000
9928.000000
13684.000000
10113.000000
12798.000000
9952.000000
13699.000000
10034.000000
12239.000000
12451.000000
13871.000000
10263.000000
15222.000000
20098.000000
19738.000000
26998.000000
25213.000000
14742.000000
9811.000000
13861.000000
9130.000000
12422.000000
8265.000000
14598.000000
10970.000000
11428.000000
9898.000000
13656.000000
10644.000000
11407.000000
9014.000000
13079.000000
10739.000000
11997.000000
11766.000000
15902.000000
12118.000000
5483.000000
14021.000000
9753.000000
5513.000000
1607.000000
4222.000000
9048.000000
14584.000000
9909.000000
13293.000000
6541.000000
1589.000000
10115.000000
11860.000000
12371.000000
13550.000000
7282.000000
13423.000000
10047.000000
14078.000000
9395.000000
5225.000000
3959.000000
6327.000000
4103.000000
12909.000000
13108.000000
12311.000000
12158.000000
12961.000000
7422.000000
3807.000000
4455.000000
919.000000
4423.000000
12272.000000
12377.000000
13095.000000
7424.000000
3328.000000
4628.000000
19869.000000
16809.000000
4359.000000
19658.000000
16851.000000
4079.000000
19696.000000
17123.000000
12410.000000
8530.000000
14839.000000
10073.000000
11971.000000
12180.000000
14080.000000
9071.000000
4674.000000
8087.000000
9253.000000
2884.000000
4358.000000
1157.000000
5865.000000
5040.000000
795.000000
1246.000000
3859.000000
13095.000000
6713.000000
3895.000000
3029.000000
1955.000000
1201.000000
6728.000000
4462.000000
12324.000000
9649.000000
14400.000000
10087.000000
12411.000000
12318.000000
6516.000000
3342.000000
2286.000000
13513.000000
7936.000000
7082.000000
9130.000000
8947.000000
4919.000000
4410.000000
1318.000000
12948.000000
The average waiting time  is :  71942.898000 
