1 , 1 84008.000000
94034.000000
96674.000000
98504.000000
183873.000000
196790.000000
227369.000000
238988.000000
241112.000000
277891.000000
293432.000000
295686.000000
299760.000000
311615.000000
313805.000000
320977.000000
331151.000000
333767.000000
335717.000000
345047.000000
346930.000000
357370.000000
359246.000000
368450.000000
370495.000000
380107.000000
382049.000000
391955.000000
394070.000000
403619.000000
408099.000000
418098.000000
420213.000000
429363.000000
431238.000000
440766.000000
442649.000000
451806.000000
456344.000000
466323.000000
468441.000000
477158.000000
479089.000000
489044.000000
493718.000000
502558.000000
504659.000000
513869.000000
516006.000000
525045.000000
526888.000000
536533.000000
541021.000000
550383.000000
554808.000000
563900.000000
565851.000000
575635.000000
577602.000000
587561.000000
594554.000000
603568.000000
608280.000000
617511.000000
622812.000000
635212.000000
641619.000000
653311.000000
658841.000000
671834.000000
684248.000000
690010.000000
700393.000000
702330.000000
711616.000000
716247.000000
725077.000000
727000.000000
736955.000000
738947.000000
748430.000000
750354.000000
759710.000000
761692.000000
770688.000000
772575.000000
782324.000000
784201.000000
790982.000000
800069.000000
802019.000000
813603.000000
815434.000000
825395.000000
827283.000000
837039.000000
839167.000000
848365.000000
850368.000000
859452.000000
861541.000000
871350.000000
873359.000000
882928.000000
884950.000000
894122.000000
896037.000000
902636.000000
911440.000000
913589.000000
922848.000000
927454.000000
936614.000000
938659.000000
947434.000000
949412.000000
959246.000000
961321.000000
970434.000000
972365.000000
981880.000000
983924.000000
993343.000000
995375.000000
1004468.000000
1006918.000000
1017303.000000
1019204.000000
1028281.000000
1030275.000000
1039488.000000
1041536.000000
1050244.000000
1052329.000000
1061710.000000
1063661.000000
1072848.000000
1075027.000000
1083896.000000
1085884.000000
1095219.000000
1097068.000000
1106305.000000
1108211.000000
1115184.000000
1124029.000000
1126064.000000
1135355.000000
1140166.000000
1149211.000000
1150726.000000
1157252.000000
1159298.000000
1168551.000000
1133392.000000
1139567.000000
1141683.000000
1150522.000000
1152601.000000
1162482.000000
1164565.000000
1173962.000000
1176311.000000
1186646.000000
1188941.000000
1198003.000000
1200188.000000
1209623.000000
1212152.000000
1220776.000000
1222932.000000
1232252.000000
1234667.000000
1243701.000000
1245878.000000
1255156.000000
1257267.000000
1266257.000000
1268553.000000
1277653.000000
1279855.000000
1290326.000000
1292460.000000
1301453.000000
1306178.000000
1316000.000000
1317895.000000
1326921.000000
1329075.000000
1338292.000000
1340673.000000
1349615.000000
1354394.000000
1363374.000000
1365672.000000
1374801.000000
1376748.000000
1386603.000000
1388710.000000
1393257.000000
1397880.000000
1402206.000000
1406704.000000
1411084.000000
1415546.000000
1419866.000000
1424053.000000
1428466.000000
1432980.000000
1437417.000000
1441758.000000
1446009.000000
1450258.000000
1454435.000000
1452275.000000
1457179.000000
1466728.000000
1471313.000000
1480562.000000
1482831.000000
1492401.000000
1496787.000000
1505977.000000
1508143.000000
1517362.000000
1519576.000000
1528950.000000
1530992.000000
1539896.000000
1541902.000000
1550918.000000
1553208.000000
1563620.000000
1565934.000000
1574941.000000
1577124.000000
1586190.000000
1588293.000000
1597377.000000
1599447.000000
1608420.000000
1613041.000000
1622436.000000
1624605.000000
1633691.000000
1621020.000000
1629858.000000
1631994.000000
1641530.000000
1643692.000000
1653870.000000
1656141.000000
1665593.000000
1667728.000000
1677360.000000
1679639.000000
1688867.000000
1691331.000000
1700385.000000
1702578.000000
1712161.000000
1716867.000000
1726704.000000
1728913.000000
1737904.000000
1740144.000000
1749354.000000
1751538.000000
1761745.000000
1764096.000000
1773342.000000
1775586.000000
1784904.000000
1787168.000000
1796452.000000
1798662.000000
1807859.000000
1809963.000000
1819062.000000
1821182.000000
1830248.000000
1832333.000000
1897127.000000
1909567.000000
1902839.000000
1911502.000000
1925480.000000
1938280.000000
1945436.000000
1957516.000000
1969267.000000
1978782.000000
1981136.000000
1991555.000000
1993933.000000
2003759.000000
2005882.000000
2012726.000000
2022193.000000
2024473.000000
2034590.000000
2036556.000000
2043415.000000
2052515.000000
2054656.000000
2065186.000000
2067385.000000
2076902.000000
2079038.000000
2087915.000000
2090062.000000
2099013.000000
2101032.000000
2110687.000000
2112453.000000
2121898.000000
2124233.000000
2133254.000000
2135530.000000
2145154.000000
2149826.000000
2159315.000000
2161457.000000
2171798.000000
2173955.000000
2183103.000000
2185498.000000
2194586.000000
2199320.000000
2209229.000000
2211438.000000
2220503.000000
2222704.000000
2231703.000000
2233886.000000
2240861.000000
2205471.000000
2212590.000000
2216756.000000
2225259.000000
2227395.000000
2237696.000000
2242408.000000
2251600.000000
2253529.000000
2262501.000000
2264602.000000
2274557.000000
2276727.000000
2286445.000000
2293612.000000
2302392.000000
2304664.000000
2313504.000000
2315672.000000
2324695.000000
2329382.000000
2338365.000000
2340579.000000
2351150.000000
2353295.000000
2362311.000000
2364256.000000
2373029.000000
2375024.000000
2384427.000000
2389110.000000
2398332.000000
2400573.000000
2365609.000000
2274230.000000
2231839.000000
2195122.000000
2154019.000000
2142091.000000
2109818.000000
2097330.000000
2089836.000000
2080693.000000
2064250.000000
2041697.000000
2017523.000000
1947781.000000
1830737.000000
1813530.000000
1618142.000000
1600629.000000
1380773.000000
1339756.000000
1299693.000000
1304201.000000
1301865.000000
1306680.000000
1304411.000000
1308727.000000
1306563.000000
1311478.000000
1309441.000000
1314607.000000
1312322.000000
1316987.000000
1317486.000000
1322487.000000
1320512.000000
1315199.000000
1302952.000000
1285228.000000
1164568.000000
1147749.000000
1048856.000000
848834.000000
848834.000000
858820.000000
858088.000000
867471.000000
849836.000000
856833.000000
858847.000000
866817.000000
868570.000000
858720.000000
838866.000000
846006.000000
847990.000000
812328.000000
781994.000000
678380.000000
628692.000000
547529.000000
495919.000000
464246.000000
409716.000000
345737.000000
352538.000000
304357.000000
214706.000000
38329.000000
28018.000000
26539.000000
28251.000000
37969.000000
39958.000000
49452.000000
51490.000000
60863.000000
62579.000000
72052.000000
73741.000000
80321.000000
89832.000000
91804.000000
101495.000000
103543.000000
112490.000000
114534.000000
124283.000000
126321.000000
135512.000000
140015.000000
148951.000000
151061.000000
160480.000000
162391.000000
171739.000000
173751.000000
182679.000000
184524.000000
193320.000000
202496.000000
203731.000000
144626.000000
82937.000000
38769.000000
38707.000000
16256.000000
16835.000000
18796.000000
28110.000000
29774.000000
39783.000000
41657.000000
51101.000000
52710.000000
62049.000000
63973.000000
70330.000000
12138.000000
14962.000000
15679.000000
17436.000000
27026.000000
28747.000000
38441.000000
40516.000000
50309.000000
51952.000000
61500.000000
63133.000000
72733.000000
74606.000000
35553.000000
34733.000000
36583.000000
46375.000000
48191.000000
52918.000000
57233.000000
66133.000000
75864.000000
77725.000000
87897.000000
89980.000000
100377.000000
102530.000000
112481.000000
114651.000000
124810.000000
126634.000000
136596.000000
138652.000000
147800.000000
149604.000000
159062.000000
160969.000000
169984.000000
172062.000000
181511.000000
183350.000000
192984.000000
194978.000000
204136.000000
206382.000000
215615.000000
217739.000000
227580.000000
229386.000000
238901.000000
240727.000000
249934.000000
252011.000000
261155.000000
263233.000000
272661.000000
274634.000000
283600.000000
285389.000000
295923.000000
297913.000000
272858.000000
273310.000000
278965.000000
278893.000000
285228.000000
31065.000000
14462.000000
16851.000000
18106.000000
19878.000000
29305.000000
31005.000000
40494.000000
42212.000000
52226.000000
53969.000000
63254.000000
64907.000000
75023.000000
76844.000000
86020.000000
17031.000000
52036.000000
66549.000000
69487.000000
80907.000000
95626.000000
105328.000000
116137.000000
119383.000000
128804.000000
130999.000000
140981.000000
143007.000000
50746.000000
57559.000000
59312.000000
38371.000000
15220.000000
21657.000000
21589.000000
23371.000000
30450.000000
39932.000000
41558.000000
51409.000000
53027.000000
62796.000000
64584.000000
74170.000000
75964.000000
85119.000000
87065.000000
96447.000000
76214.000000
28108.000000
30400.000000
31945.000000
41813.000000
44032.000000
50231.000000
59322.000000
61052.000000
65990.000000
72556.000000
81577.000000
83500.000000
93120.000000
94977.000000
104302.000000
106313.000000
110875.000000
117561.000000
126837.000000
128848.000000
138482.000000
140430.000000
149601.000000
151435.000000
160875.000000
162865.000000
172794.000000
174638.000000
183971.000000
185970.000000
194983.000000
196543.000000
203718.000000
205755.000000
181696.000000
165730.000000
171862.000000
133800.000000
139064.000000
14229.000000
18000.000000
19380.000000
21167.000000
30839.000000
32700.000000
41917.000000
43828.000000
53484.000000
55270.000000
64980.000000
66499.000000
73734.000000
18784.000000
19061.000000
20887.000000
30400.000000
32010.000000
36131.000000
40607.000000
47027.000000
55838.000000
57673.000000
67023.000000
68841.000000
78670.000000
80315.000000
89963.000000
91904.000000
100490.000000
72498.000000
77659.000000
74963.000000
20055.000000
22872.000000
27600.000000
36390.000000
38080.000000
44620.000000
54459.000000
56227.000000
62957.000000
72731.000000
74735.000000
84403.000000
86113.000000
95465.000000
97145.000000
106952.000000
109166.000000
118031.000000
119943.000000
129051.000000
130743.000000
140237.000000
142487.000000
151377.000000
153321.000000
146656.000000
130459.000000
121642.000000
1877.000000
13890.000000
15175.000000
17162.000000
26095.000000
27909.000000
37557.000000
39473.000000
48823.000000
50553.000000
60050.000000
61562.000000
71310.000000
15392.000000
16688.000000
18638.000000
28115.000000
30008.000000
34190.000000
43338.000000
45110.000000
54789.000000
56834.000000
66181.000000
67741.000000
48049.000000
16378.000000
16725.000000
18449.000000
28162.000000
29798.000000
39650.000000
41481.000000
50834.000000
52680.000000
62449.000000
66943.000000
75884.000000
13844.000000
16368.000000
17676.000000
19555.000000
29124.000000
30805.000000
40667.000000
42292.000000
51474.000000
53424.000000
62934.000000
64729.000000
74143.000000
75178.000000
15784.000000
29887.000000
31123.000000
32888.000000
32983.000000
33607.000000
35445.000000
35531.000000
36674.000000
38607.000000
38654.000000
39322.000000
15188.000000
11838.000000
9118.000000
6972.000000
3197.000000
442.000000
3526.000000
3860.000000
4177.000000
4523.000000
6701.000000
7035.000000
8458.000000
10555.000000
11022.000000
13127.000000
13358.000000
8395.000000
4016.000000
4166.000000
4541.000000
6744.000000
7146.000000
9426.000000
9804.000000
11929.000000
12339.000000
14391.000000
14227.000000
3305.000000
3699.000000
4096.000000
6255.000000
6602.000000
8777.000000
9203.000000
11444.000000
11847.000000
14002.000000
3372.000000
3669.000000
4032.000000
6209.000000
6539.000000
8654.000000
9085.000000
11231.000000
11429.000000
3295.000000
3509.000000
3872.000000
4760.000000
6208.000000
8382.000000
8750.000000
10878.000000
11290.000000
13370.000000
9820.000000
10966.000000
2862.000000
2957.000000
3338.000000
5538.000000
5941.000000
8085.000000
8455.000000
10713.000000
11078.000000
2694.000000
3003.000000
3365.000000
5673.000000
6013.000000
8225.000000
8602.000000
10860.000000
11255.000000
3376.000000
3846.000000
4231.000000
6405.000000
6760.000000
8923.000000
9277.000000
11534.000000
11903.000000
14183.000000
14404.000000
3428.000000
3887.000000
4233.000000
6394.000000
6809.000000
8968.000000
9381.000000
11591.000000
11946.000000
13962.000000
2840.000000
3162.000000
3517.000000
5701.000000
6041.000000
8220.000000
8587.000000
10854.000000
11222.000000
2838.000000
3201.000000
3568.000000
5792.000000
6143.000000
8398.000000
8794.000000
10959.000000
11309.000000
161.000000
627.000000
3812.000000
4126.000000
4504.000000
14260.000000
17786.000000
19955.000000
20425.000000
22677.000000
23125.000000
25322.000000
25252.000000
2935.000000
3289.000000
3696.000000
5978.000000
6418.000000
8602.000000
8972.000000
11152.000000
11511.000000
13788.000000
14180.000000
2816.000000
3231.000000
3578.000000
5779.000000
6187.000000
8428.000000
8799.000000
10999.000000
11347.000000
3365.000000
3822.000000
4218.000000
6393.000000
6750.000000
7594.000000
8580.000000
10083.000000
12072.000000
12316.000000
7870.000000
7229.000000
8372.000000
2824.000000
3085.000000
3450.000000
5574.000000
5949.000000
8156.000000
8499.000000
10745.000000
11111.000000
2758.000000
3039.000000
3430.000000
5589.000000
5977.000000
8133.000000
8516.000000
10682.000000
11019.000000
3842.000000
4253.000000
4612.000000
6805.000000
7152.000000
9328.000000
9713.000000
11998.000000
12409.000000
14639.000000
14511.000000
2736.000000
3065.000000
3395.000000
5574.000000
5975.000000
8202.000000
8544.000000
10725.000000
11077.000000
3262.000000
3681.000000
4017.000000
6180.000000
6604.000000
8849.000000
9267.000000
11439.000000
11819.000000
2889.000000
3254.000000
3637.000000
5771.000000
6163.000000
8314.000000
8707.000000
10884.000000
11231.000000
13394.000000
2824.000000
3093.000000
3485.000000
5738.000000
6091.000000
8268.000000
8657.000000
10881.000000
11233.000000
2662.000000
1712.000000
2078.000000
2397.000000
The average waiting time  is :  601347.181000 
