1 , 16 52001.000000
60398.000000
61885.000000
70828.000000
80347.000000
83112.000000
3579.000000
2866.000000
6923.000000
9476.000000
6465.000000
2641.000000
3207.000000
7085.000000
16320.000000
9182.000000
3436.000000
9638.000000
23188.000000
22066.000000
19855.000000
16957.000000
11657.000000
7962.000000
23020.000000
25011.000000
27031.000000
15980.000000
13477.000000
10470.000000
22412.000000
18653.000000
4796.000000
2289.000000
1633.000000
5537.000000
18019.000000
22441.000000
43049.000000
15425.000000
10167.000000
12816.000000
13110.000000
18788.000000
21490.000000
29211.000000
19718.000000
4263.000000
12428.000000
18149.000000
14635.000000
14494.000000
18493.000000
27276.000000
36186.000000
6478.000000
7014.000000
3415.000000
12303.000000
13496.000000
5517.000000
17108.000000
14029.000000
10914.000000
10049.000000
19186.000000
21968.000000
29587.000000
2820.000000
7372.000000
37508.000000
37545.000000
36236.000000
38628.000000
39456.000000
37089.000000
36204.000000
27397.000000
18718.000000
8987.000000
17287.000000
13335.000000
20411.000000
15754.000000
11821.000000
2914.000000
7382.000000
6225.000000
14708.000000
14132.000000
9422.000000
8433.000000
6869.000000
3254.000000
2947.000000
1941.000000
1790.000000
5316.000000
422.000000
3999.000000
4978.000000
910.000000
5248.000000
12427.000000
16122.000000
9599.000000
12796.000000
13437.000000
7750.000000
566.000000
4453.000000
13085.000000
9886.000000
19138.000000
15988.000000
15266.000000
3370.000000
1882.000000
4603.000000
12292.000000
11417.000000
17893.000000
13890.000000
13924.000000
1355.000000
12626.000000
6220.000000
4833.000000
12959.000000
15792.000000
11140.000000
7062.000000
12691.000000
10563.000000
2842.000000
3221.000000
1147.000000
4133.000000
1773.000000
2126.000000
1353.000000
4780.000000
12541.000000
12856.000000
14281.000000
9017.000000
12764.000000
7591.000000
3001.000000
8919.000000
8865.000000
9886.000000
1716.000000
4329.000000
9265.000000
6181.000000
1399.000000
2210.000000
5695.000000
17383.000000
10661.000000
16319.000000
21175.000000
18217.000000
12685.000000
14187.000000
19240.000000
16235.000000
6517.000000
7362.000000
2937.000000
3188.000000
6055.000000
1990.000000
6367.000000
3211.000000
1586.000000
5616.000000
10972.000000
17339.000000
16022.000000
16157.000000
2606.000000
2518.000000
1351.000000
16631.000000
18244.000000
16434.000000
18392.000000
16299.000000
19461.000000
3053.000000
672.000000
6039.000000
19599.000000
16625.000000
4629.000000
716.000000
5722.000000
14992.000000
16115.000000
17265.000000
12818.000000
10046.000000
38306.000000
32979.000000
33315.000000
4539.000000
34060.000000
15147.000000
9253.000000
3463.000000
12730.000000
11206.000000
8294.000000
5053.000000
21689.000000
23819.000000
28635.000000
27796.000000
3226.000000
16531.000000
16517.000000
21012.000000
12385.000000
9332.000000
13184.000000
10413.000000
18871.000000
18730.000000
27049.000000
12490.000000
2538.000000
1773.000000
1257.000000
2655.000000
10681.000000
6721.000000
726.000000
5906.000000
4645.000000
43511.000000
45947.000000
3222.000000
32765.000000
17348.000000
18841.000000
12230.000000
8341.000000
13711.000000
28703.000000
11005.000000
16590.000000
20793.000000
18307.000000
13440.000000
2757.000000
19287.000000
5596.000000
13287.000000
11129.000000
3194.000000
5086.000000
549.000000
4740.000000
6799.000000
12805.000000
12206.000000
12250.000000
15928.000000
15718.000000
14439.000000
13796.000000
20635.000000
11544.000000
28051.000000
12975.000000
10642.000000
13964.000000
8452.000000
3331.000000
1390.000000
3711.000000
2502.000000
5226.000000
892.000000
4677.000000
3200.000000
5199.000000
1424.000000
17795.000000
17555.000000
32097.000000
12657.000000
13350.000000
13776.000000
12579.000000
17889.000000
14775.000000
21414.000000
19000.000000
12996.000000
8596.000000
2536.000000
1370.000000
14261.000000
4521.000000
921.000000
3590.000000
644.000000
3622.000000
12338.000000
12526.000000
13844.000000
9290.000000
3043.000000
1947.000000
4645.000000
15990.000000
13037.000000
20931.000000
11419.000000
5138.000000
4076.000000
657.000000
4961.000000
16839.000000
77634.000000
86399.000000
739.000000
4598.000000
4063.000000
1916.000000
4197.000000
1521.000000
7507.000000
12897.000000
10738.000000
14554.000000
9928.000000
6096.000000
6304.000000
13762.000000
8839.000000
2791.000000
1966.000000
5299.000000
3155.000000
1725.000000
3218.000000
4245.000000
4236.000000
12368.000000
12684.000000
14357.000000
10408.000000
12622.000000
10382.000000
13944.000000
13118.000000
10109.000000
5645.000000
910.000000
6209.000000
13144.000000
10516.000000
16066.000000
16610.000000
19153.000000
4822.000000
14543.000000
10383.000000
9463.000000
4961.000000
3371.000000
3385.000000
2930.000000
4145.000000
3344.000000
2327.000000
6965.000000
4695.000000
1904.000000
5181.000000
12410.000000
15548.000000
9973.000000
13908.000000
12983.000000
12395.000000
13081.000000
2799.000000
4519.000000
1166.000000
461.000000
3093.000000
2179.000000
1178.000000
3637.000000
1151.000000
1489.000000
1660.000000
3255.000000
2052.000000
2859.000000
7258.000000
13875.000000
13061.000000
14494.000000
10305.000000
2779.000000
14032.000000
5622.000000
5447.000000
12769.000000
11814.000000
13430.000000
10730.000000
9213.000000
3502.000000
4169.000000
4930.000000
9960.000000
7941.000000
7309.000000
724.000000
5697.000000
4075.000000
13032.000000
13301.000000
13723.000000
18142.000000
14368.000000
14630.000000
14138.000000
13173.000000
21750.000000
21725.000000
10945.000000
22475.000000
27306.000000
25780.000000
18543.000000
6728.000000
614.000000
4953.000000
6541.000000
23095.000000
22265.000000
21605.000000
16017.000000
17045.000000
14400.000000
7319.000000
3311.000000
4209.000000
4536.000000
13315.000000
11336.000000
13562.000000
11681.000000
2723.000000
4448.000000
698.000000
10063.000000
14718.000000
12250.000000
6337.000000
14282.000000
10988.000000
16316.000000
16348.000000
10590.000000
23926.000000
10303.000000
20534.000000
19725.000000
11028.000000
3529.000000
594.000000
6052.000000
5131.000000
5930.000000
2121.000000
4914.000000
8731.000000
8519.000000
17023.000000
4975.000000
1692.000000
9112.000000
15758.000000
9625.000000
3427.000000
6167.000000
2533.000000
4335.000000
3481.000000
8255.000000
13745.000000
26274.000000
9252.000000
5979.000000
2553.000000
1255.000000
5663.000000
2180.000000
9992.000000
9779.000000
6435.000000
13770.000000
10977.000000
12981.000000
10874.000000
14125.000000
13019.000000
9865.000000
7784.000000
22985.000000
11049.000000
12874.000000
13990.000000
7362.000000
12074.000000
13036.000000
7951.000000
4807.000000
13167.000000
10549.000000
12655.000000
10069.000000
19670.000000
16137.000000
8610.000000
7296.000000
13795.000000
10628.000000
2859.000000
7121.000000
10062.000000
2890.000000
837.000000
1041.000000
4660.000000
1066.000000
5587.000000
21233.000000
17852.000000
3365.000000
16036.000000
15919.000000
19304.000000
3451.000000
933.000000
1272.000000
1240.000000
4424.000000
2537.000000
4592.000000
3012.000000
1920.000000
2234.000000
7161.000000
6052.000000
5333.000000
9811.000000
2389.000000
6475.000000
9356.000000
14385.000000
9460.000000
12351.000000
15421.000000
12051.000000
9592.000000
15418.000000
9193.000000
22188.000000
21297.000000
3086.000000
5190.000000
12825.000000
8042.000000
4324.000000
3233.000000
2416.000000
4119.000000
14630.000000
18070.000000
18169.000000
10030.000000
18332.000000
15932.000000
14914.000000
5470.000000
4075.000000
5318.000000
862.000000
860.000000
4818.000000
1626.000000
5493.000000
1135.000000
5622.000000
12118.000000
14112.000000
21517.000000
17747.000000
4253.000000
12246.000000
12684.000000
13493.000000
14736.000000
2102.000000
1515.000000
4770.000000
574.000000
3311.000000
2421.000000
5273.000000
553.000000
5549.000000
7599.000000
3512.000000
5103.000000
3900.000000
5101.000000
842.000000
5750.000000
12796.000000
12618.000000
11160.000000
15260.000000
6292.000000
25750.000000
24329.000000
14372.000000
12560.000000
14419.000000
18645.000000
19660.000000
14558.000000
3762.000000
1944.000000
3007.000000
4747.000000
705.000000
12238.000000
6026.000000
5540.000000
1356.000000
5142.000000
30235.000000
36414.000000
38844.000000
37019.000000
37618.000000
28698.000000
19437.000000
23787.000000
2516.000000
6189.000000
16920.000000
9962.000000
4141.000000
4728.000000
4225.000000
4899.000000
8269.000000
15688.000000
12473.000000
14333.000000
12233.000000
9513.000000
14860.000000
9524.000000
4452.000000
2628.000000
583.000000
4315.000000
2843.000000
4549.000000
2491.000000
4042.000000
1000.000000
5901.000000
14650.000000
11571.000000
14633.000000
11507.000000
7476.000000
2319.000000
625.000000
4626.000000
1261.000000
3333.000000
2826.000000
4310.000000
1300.000000
4071.000000
802.000000
4424.000000
1729.000000
4490.000000
1931.000000
4680.000000
1813.000000
5470.000000
14436.000000
9388.000000
4792.000000
4953.000000
14624.000000
10339.000000
3613.000000
4151.000000
1912.000000
2436.000000
5595.000000
13840.000000
11646.000000
11589.000000
3941.000000
5750.000000
6744.000000
865.000000
5065.000000
1764.000000
3284.000000
2260.000000
1428.000000
4618.000000
1387.000000
4828.000000
1757.000000
4394.000000
3527.000000
2760.000000
1018.000000
889.000000
2432.000000
10701.000000
13370.000000
10286.000000
16206.000000
10230.000000
5544.000000
1420.000000
5338.000000
2050.000000
3918.000000
1653.000000
3005.000000
2378.000000
650.000000
5334.000000
2260.000000
4813.000000
2347.000000
4499.000000
1109.000000
4448.000000
2212.000000
3341.000000
983.000000
4483.000000
693.000000
4601.000000
14552.000000
9611.000000
14222.000000
11917.000000
11386.000000
3716.000000
3609.000000
6730.000000
1937.000000
3079.000000
2599.000000
4455.000000
1392.000000
5301.000000
14720.000000
12012.000000
13934.000000
6208.000000
2350.000000
4701.000000
2421.000000
5552.000000
14791.000000
9928.000000
3625.000000
7204.000000
895.000000
9412.000000
12465.000000
9862.000000
6706.000000
10951.000000
4799.000000
4000.000000
6331.000000
7772.000000
1898.000000
1299.000000
6670.000000
4687.000000
1632.000000
4276.000000
5191.000000
4275.000000
880.000000
5591.000000
14632.000000
11924.000000
13090.000000
6097.000000
2747.000000
2108.000000
796.000000
2630.000000
2959.000000
741.000000
4777.000000
15891.000000
10388.000000
3799.000000
5725.000000
1234.000000
4628.000000
2504.000000
2027.000000
1792.000000
3299.000000
6873.000000
4247.000000
6235.000000
3485.000000
605.000000
4721.000000
14625.000000
12039.000000
13971.000000
8240.000000
14870.000000
15981.000000
14849.000000
9294.000000
7264.000000
20792.000000
13961.000000
9135.000000
4902.000000
2806.000000
4161.000000
1651.000000
5674.000000
1618.000000
1708.000000
2666.000000
5938.000000
18474.000000
14588.000000
16606.000000
1186.000000
4588.000000
6694.000000
15733.000000
12170.000000
5819.000000
4964.000000
2113.000000
10088.000000
7535.000000
2399.000000
1300.000000
3137.000000
1713.000000
7714.000000
14471.000000
9679.000000
4865.000000
2743.000000
1943.000000
4229.000000
1224.000000
5766.000000
17646.000000
14624.000000
14792.000000
12433.000000
15139.000000
10875.000000
13563.000000
13739.000000
11982.000000
3096.000000
6520.000000
2852.000000
4004.000000
2628.000000
2349.000000
569.000000
2779.000000
1948.000000
2872.000000
4148.000000
2043.000000
5110.000000
4826.000000
723.000000
5138.000000
4169.000000
1431.000000
5490.000000
3952.000000
4123.000000
1658.000000
4824.000000
3618.000000
3634.000000
2170.000000
5305.000000
1899.000000
4062.000000
1577.000000
6611.000000
23548.000000
1314.000000
11776.000000
12027.000000
14827.000000
18725.000000
12541.000000
12003.000000
14372.000000
14072.000000
14240.000000
11034.000000
4979.000000
4522.000000
1772.000000
4522.000000
5346.000000
678.000000
5157.000000
788.000000
4493.000000
868.000000
4643.000000
1674.000000
4536.000000
1796.000000
4621.000000
1041.000000
8650.000000
4976.000000
17488.000000
14807.000000
17150.000000
11371.000000
12378.000000
15250.000000
9860.000000
4497.000000
10646.000000
11307.000000
5635.000000
2857.000000
5782.000000
12671.000000
10527.000000
23902.000000
22023.000000
4638.000000
13343.000000
10953.000000
13427.000000
15223.000000
8782.000000
7809.000000
1898.000000
12834.000000
10865.000000
13062.000000
10791.000000
15053.000000
12302.000000
13385.000000
10625.000000
12829.000000
60622.000000
11247.000000
13048.000000
10360.000000
17347.000000
17809.000000
19453.000000
3341.000000
The average waiting time  is :  10045.940000 
