1 , 8 30534.000000
51336.000000
75899.000000
75225.000000
21979.000000
7117.000000
791.000000
11494.000000
12702.000000
24338.000000
42683.000000
48364.000000
71170.000000
53219.000000
58686.000000
79184.000000
80037.000000
24822.000000
26630.000000
390.000000
46659.000000
64005.000000
57968.000000
55271.000000
65252.000000
71115.000000
28539.000000
30333.000000
34446.000000
33208.000000
12674.000000
25690.000000
27378.000000
4757.000000
14445.000000
20520.000000
3109.000000
10220.000000
15070.000000
17863.000000
28813.000000
30388.000000
32617.000000
26080.000000
530.000000
4329.000000
827.000000
6902.000000
7154.000000
13277.000000
12023.000000
15115.000000
10583.000000
19649.000000
19682.000000
16629.000000
9859.000000
22289.000000
15505.000000
18068.000000
18740.000000
14067.000000
14421.000000
10660.000000
4576.000000
4951.000000
4734.000000
2210.000000
2816.000000
8368.000000
4450.000000
16503.000000
18059.000000
18598.000000
9964.000000
4112.000000
4975.000000
11575.000000
14827.000000
10809.000000
3352.000000
53638.000000
26585.000000
21484.000000
13909.000000
11598.000000
13164.000000
2293.000000
4544.000000
11998.000000
10145.000000
15315.000000
11790.000000
13900.000000
15111.000000
1863.000000
1309.000000
7206.000000
1365.000000
4526.000000
16188.000000
15908.000000
16306.000000
15731.000000
976.000000
6217.000000
13129.000000
10269.000000
12996.000000
13679.000000
12049.000000
6612.000000
14095.000000
10891.000000
12757.000000
10317.000000
6608.000000
1299.000000
1349.000000
2497.000000
890.000000
4139.000000
13671.000000
13509.000000
8359.000000
16015.000000
16696.000000
19168.000000
12330.000000
12424.000000
14243.000000
17022.000000
2599.000000
7402.000000
16645.000000
20692.000000
41023.000000
44813.000000
15346.000000
5904.000000
2626.000000
4531.000000
17864.000000
19269.000000
22411.000000
16718.000000
12006.000000
6757.000000
2059.000000
14405.000000
10096.000000
16511.000000
12186.000000
5459.000000
16171.000000
16135.000000
18461.000000
3348.000000
3439.000000
1747.000000
4237.000000
1065.000000
7736.000000
8122.000000
15154.000000
1193.000000
3121.000000
4186.000000
3674.000000
5160.000000
4385.000000
1851.000000
2883.000000
15613.000000
18043.000000
19831.000000
19334.000000
3418.000000
4614.000000
526.000000
4500.000000
724.000000
7334.000000
8830.000000
13637.000000
10106.000000
11941.000000
11968.000000
13206.000000
5159.000000
1865.000000
6387.000000
12388.000000
10512.000000
11792.000000
11736.000000
13324.000000
9861.000000
7345.000000
24023.000000
18460.000000
5364.000000
544.000000
6585.000000
12907.000000
10240.000000
23140.000000
17968.000000
4264.000000
31162.000000
30241.000000
12518.000000
9678.000000
22211.000000
17419.000000
4406.000000
12500.000000
10220.000000
516.000000
5102.000000
21301.000000
17549.000000
10859.000000
13865.000000
12322.000000
10161.000000
17161.000000
19279.000000
17311.000000
4129.000000
5419.000000
1793.000000
3395.000000
20081.000000
17677.000000
5677.000000
14269.000000
12320.000000
16091.000000
16313.000000
18729.000000
613.000000
4489.000000
3756.000000
22121.000000
1800.000000
3551.000000
5539.000000
4338.000000
4103.000000
717.000000
4862.000000
12566.000000
11775.000000
14005.000000
12905.000000
5839.000000
628.000000
5709.000000
1240.000000
6159.000000
3183.000000
2739.000000
1727.000000
2875.000000
4010.000000
1631.000000
4642.000000
4222.000000
12618.000000
9869.000000
14278.000000
9878.000000
13253.000000
10838.000000
13510.000000
10625.000000
3122.000000
4292.000000
14347.000000
9912.000000
4975.000000
2361.000000
878.000000
4086.000000
12576.000000
9501.000000
14367.000000
10949.000000
19976.000000
17283.000000
15613.000000
15219.000000
21115.000000
2798.000000
1055.000000
3382.000000
5107.000000
15783.000000
24111.000000
27768.000000
11566.000000
4067.000000
14180.000000
7871.000000
3394.000000
4778.000000
15792.000000
15915.000000
18513.000000
5936.000000
13800.000000
10917.000000
15850.000000
15598.000000
17421.000000
953.000000
3612.000000
445.000000
4493.000000
2005.000000
2845.000000
5729.000000
1545.000000
4454.000000
4313.000000
11568.000000
76247.000000
6042.000000
5354.000000
2004.000000
2453.000000
7289.000000
4780.000000
5282.000000
2579.000000
5219.000000
13128.000000
11507.000000
19605.000000
16742.000000
4655.000000
11764.000000
13027.000000
10412.000000
12920.000000
10385.000000
2744.000000
3388.000000
2790.000000
4048.000000
813.000000
5301.000000
19678.000000
17262.000000
4375.000000
15368.000000
15965.000000
15345.000000
9730.000000
7293.000000
656.000000
1630.000000
997.000000
7568.000000
12734.000000
13379.000000
17839.000000
3865.000000
3150.000000
3543.000000
3978.000000
3806.000000
3331.000000
433.000000
785.000000
3351.000000
3944.000000
16803.000000
17614.000000
18595.000000
1198.000000
3213.000000
2671.000000
3471.000000
2802.000000
4312.000000
4413.000000
16865.000000
2173.000000
4534.000000
3165.000000
3116.000000
3679.000000
2688.000000
1368.000000
732.000000
505.000000
180.000000
2144.000000
3596.000000
2793.000000
3476.000000
774.000000
487.000000
2279.000000
1888.000000
3265.000000
2506.000000
3894.000000
4783.000000
4090.000000
3028.000000
1737.000000
1492.000000
3140.000000
2544.000000
3032.000000
2582.000000
633.000000
1337.000000
1360.000000
280.000000
2711.000000
1288.000000
3097.000000
2559.000000
573.000000
1135.000000
2918.000000
2514.000000
4077.000000
5046.000000
4699.000000
3795.000000
1585.000000
104.000000
1327.000000
990.000000
3429.000000
1183.000000
3068.000000
2617.000000
3115.000000
2632.000000
5169.000000
5246.000000
101.000000
1223.000000
224.000000
1132.000000
3154.000000
2498.000000
562.000000
1138.000000
115.000000
913.000000
433.000000
1226.000000
872.000000
3030.000000
1044.000000
2825.000000
2909.000000
3335.000000
2774.000000
1277.000000
358.000000
1274.000000
3135.000000
2352.000000
3470.000000
2205.000000
1186.000000
511.000000
579.000000
1147.000000
2812.000000
2971.000000
3151.000000
2838.000000
2112.000000
4109.000000
3265.000000
1327.000000
187.000000
685.000000
481.000000
1146.000000
797.000000
1652.000000
1041.000000
3036.000000
2544.000000
3764.000000
3150.000000
4012.000000
1598.000000
258.000000
1165.000000
4910.000000
3087.000000
2546.000000
554.000000
1150.000000
4641.000000
4050.000000
1068.000000
134.000000
991.000000
569.000000
976.000000
467.000000
484.000000
1077.000000
229.000000
708.000000
1163.000000
142.000000
1131.000000
352.000000
1351.000000
3117.000000
2622.000000
676.000000
1148.000000
2810.000000
2993.000000
3202.000000
1606.000000
704.000000
1034.000000
237.000000
1312.000000
3252.000000
2676.000000
2842.000000
2990.000000
3197.000000
1858.000000
3527.000000
2455.000000
3151.000000
2641.000000
2929.000000
2405.000000
3417.000000
2155.000000
1195.000000
1304.000000
3262.000000
2753.000000
2823.000000
2942.000000
3323.000000
2637.000000
1719.000000
5326.000000
4032.000000
1192.000000
3101.000000
2687.000000
3227.000000
2318.000000
3218.000000
1609.000000
349.000000
320.000000
314.000000
1379.000000
2716.000000
3085.000000
2571.000000
3934.000000
4497.000000
3850.000000
2473.000000
1259.000000
2784.000000
3074.000000
2566.000000
123.000000
1379.000000
5038.000000
5020.000000
1323.000000
189.000000
1711.000000
1968.000000
1653.000000
4797.000000
4219.000000
841.000000
1184.000000
423.000000
2381.000000
4182.000000
3500.000000
3691.000000
1425.000000
1249.000000
423.000000
834.000000
1022.000000
464.000000
276.000000
1172.000000
212.000000
1117.000000
1072.000000
449.000000
733.000000
948.000000
3245.000000
1162.000000
3386.000000
3166.000000
3402.000000
2939.000000
796.000000
3406.000000
1208.000000
321.000000
490.000000
306.000000
1217.000000
5032.000000
4929.000000
1179.000000
462.000000
1482.000000
3133.000000
2639.000000
5374.000000
5219.000000
3234.000000
2589.000000
3010.000000
2513.000000
3125.000000
2540.000000
608.000000
1095.000000
111.000000
1148.000000
225.000000
1533.000000
790.000000
2896.000000
1339.000000
3356.000000
3112.000000
2773.000000
2519.000000
5409.000000
4097.000000
1268.000000
3143.000000
2596.000000
3459.000000
3153.000000
6344.000000
6391.000000
1158.000000
3053.000000
2719.000000
3153.000000
2797.000000
722.000000
1628.000000
1530.000000
4034.000000
18177.000000
18983.000000
407.000000
1810.000000
5756.000000
4492.000000
1400.000000
537.000000
1291.000000
408.000000
1406.000000
200.000000
4257.000000
1398.000000
436.000000
1123.000000
1601.000000
3608.000000
2209.000000
1093.000000
210.000000
522.000000
1646.000000
3482.000000
3194.000000
1598.000000
1081.000000
1806.000000
554.000000
1270.000000
378.000000
743.000000
2593.000000
4854.000000
3274.000000
768.000000
1372.000000
199.000000
1663.000000
4639.000000
4136.000000
3059.000000
3643.000000
3518.000000
387.000000
1628.000000
522.000000
1031.000000
1189.000000
3379.000000
2928.000000
3520.000000
2955.000000
2971.000000
2797.000000
3739.000000
3029.000000
3735.000000
2352.000000
1672.000000
4005.000000
2409.000000
1840.000000
2954.000000
2191.000000
724.000000
1167.000000
2050.000000
4797.000000
6069.000000
6973.000000
2031.000000
304.000000
1212.000000
1391.000000
763.000000
459.000000
1722.000000
2607.000000
3640.000000
2791.000000
3775.000000
3020.000000
4753.000000
4961.000000
2875.000000
3286.000000
3731.000000
2665.000000
4197.000000
4002.000000
4289.000000
173.000000
679.000000
337.000000
682.000000
1408.000000
753.000000
835.000000
304.000000
375.000000
454.000000
1195.000000
637.000000
1258.000000
696.000000
1397.000000
4078.000000
3407.000000
4216.000000
2324.000000
818.000000
1457.000000
3183.000000
2353.000000
2930.000000
3137.000000
3542.000000
2745.000000
3906.000000
2928.000000
4139.000000
2153.000000
4112.000000
2623.000000
3223.000000
3978.000000
3177.000000
2985.000000
3038.000000
174.000000
1612.000000
552.000000
945.000000
1077.000000
2978.000000
2501.000000
3262.000000
2317.000000
3737.000000
2930.000000
920.000000
495.000000
357.000000
714.000000
3327.000000
1204.000000
2814.000000
2926.000000
3479.000000
3367.000000
2173.000000
3335.000000
2788.000000
3094.000000
2764.000000
2792.000000
2901.000000
3324.000000
2345.000000
957.000000
2059.000000
2896.000000
1736.000000
794.000000
216.000000
1030.000000
1644.000000
3116.000000
2333.000000
611.000000
207.000000
245.000000
1129.000000
3485.000000
3846.000000
3956.000000
4327.000000
1141.000000
1163.000000
184.000000
1631.000000
1728.000000
1399.000000
1222.000000
2821.000000
2231.000000
1733.000000
398.000000
2121.000000
1946.000000
873.000000
3120.000000
2699.000000
673.000000
1329.000000
3235.000000
2759.000000
2343.000000
1711.000000
4079.000000
3157.000000
3500.000000
269.000000
2274.000000
2609.000000
1187.000000
3976.000000
4005.000000
4380.000000
257.000000
1502.000000
581.000000
476.000000
1149.000000
3337.000000
3082.000000
2509.000000
2152.000000
1335.000000
4996.000000
4524.000000
1460.000000
1269.000000
1267.000000
3099.000000
2379.000000
675.000000
3809.000000
877.000000
390.000000
321.000000
1885.000000
3148.000000
2372.000000
3448.000000
3143.000000
2829.000000
3044.000000
3910.000000
3036.000000
3138.000000
3924.000000
3590.000000
3046.000000
4624.000000
975.000000
1250.000000
3419.000000
3165.000000
3133.000000
4008.000000
430.000000
630.000000
3222.000000
2598.000000
3512.000000
3437.000000
4844.000000
4962.000000
3872.000000
1625.000000
596.000000
274.000000
411.000000
1092.000000
2699.000000
1984.000000
1362.000000
3397.000000
2605.000000
3299.000000
2151.000000
3230.000000
2407.000000
2813.000000
3191.000000
4724.000000
4229.000000
4611.000000
2584.000000
2471.000000
788.000000
1206.000000
378.000000
3374.000000
1211.000000
3463.000000
2723.000000
2400.000000
1517.000000
4962.000000
5111.000000
832.000000
941.000000
124.000000
1369.000000
3325.000000
2849.000000
2216.000000
1050.000000
175.000000
1172.000000
466.000000
785.000000
309.000000
2288.000000
2278.000000
1511.000000
782.000000
160.000000
1694.000000
430.000000
737.000000
1244.000000
563.000000
275.000000
711.000000
557.000000
344.000000
144.000000
688.000000
1412.000000
2948.000000
2895.000000
2771.000000
2870.000000
3302.000000
The average waiting time  is :  6433.296000 
