4 , 2 8803.000000
27469.000000
31549.000000
24809.000000
26689.000000
41908.000000
47582.000000
48660.000000
50885.000000
52085.000000
55899.000000
57180.000000
61736.000000
71344.000000
79866.000000
83863.000000
96162.000000
101219.000000
102659.000000
105705.000000
107983.000000
111095.000000
112437.000000
116001.000000
120623.000000
123936.000000
126410.000000
128536.000000
131682.000000
133817.000000
138918.000000
141683.000000
143827.000000
145017.000000
150405.000000
156180.000000
160588.000000
175656.000000
180235.000000
182985.000000
184745.000000
187952.000000
188909.000000
191423.000000
195827.000000
197777.000000
200094.000000
201747.000000
215083.000000
217887.000000
220390.000000
223451.000000
225740.000000
227845.000000
230170.000000
236292.000000
242270.000000
246756.000000
247584.000000
249812.000000
250894.000000
254957.000000
256674.000000
259330.000000
263793.000000
269243.000000
274354.000000
278155.000000
281584.000000
282379.000000
284148.000000
285830.000000
284335.000000
285734.000000
284539.000000
283929.000000
282397.000000
281568.000000
281654.000000
283132.000000
284140.000000
285447.000000
286489.000000
288060.000000
289088.000000
290415.000000
291497.000000
293774.000000
295487.000000
296544.000000
298428.000000
300503.000000
301510.000000
305546.000000
311662.000000
314357.000000
316468.000000
319220.000000
323705.000000
328047.000000
333269.000000
336033.000000
341024.000000
345754.000000
347277.000000
349156.000000
350561.000000
357685.000000
361937.000000
364742.000000
366201.000000
369989.000000
372959.000000
375814.000000
379926.000000
381151.000000
385417.000000
391406.000000
394482.000000
398354.000000
400625.000000
402964.000000
404367.000000
406983.000000
415569.000000
420331.000000
425331.000000
426872.000000
429201.000000
430707.000000
433079.000000
436086.000000
439518.000000
444963.000000
454873.000000
458400.000000
460174.000000
462179.000000
464070.000000
465018.000000
456210.000000
457761.000000
469082.000000
472191.000000
466750.000000
468853.000000
471793.000000
472934.000000
482441.000000
489678.000000
494105.000000
498991.000000
502131.000000
505446.000000
506772.000000
507698.000000
509069.000000
511678.000000
514359.000000
518846.000000
523722.000000
525607.000000
519961.000000
522716.000000
522979.000000
525132.000000
526077.000000
527553.000000
528490.000000
531680.000000
532382.000000
535189.000000
539365.000000
541861.000000
544037.000000
558362.000000
563768.000000
568892.000000
572684.000000
577501.000000
583724.000000
587821.000000
591272.000000
584488.000000
580646.000000
579560.000000
581358.000000
580500.000000
580248.000000
577908.000000
578050.000000
575682.000000
575061.000000
573497.000000
573697.000000
577963.000000
582470.000000
586058.000000
581817.000000
582155.000000
579924.000000
582491.000000
585588.000000
586465.000000
585565.000000
586461.000000
587516.000000
589823.000000
594406.000000
599547.000000
603256.000000
607378.000000
609516.000000
606851.000000
609488.000000
612418.000000
615197.000000
619014.000000
622023.000000
623411.000000
626935.000000
628690.000000
629703.000000
631526.000000
633518.000000
634548.000000
638297.000000
640129.000000
642402.000000
640638.000000
642468.000000
644839.000000
653224.000000
655488.000000
657247.000000
655269.000000
652336.000000
650601.000000
657932.000000
665204.000000
668367.000000
671749.000000
671294.000000
671130.000000
673838.000000
666541.000000
669389.000000
671826.000000
676346.000000
678625.000000
680574.000000
681581.000000
683380.000000
685660.000000
687128.000000
689273.000000
689520.000000
691538.000000
695997.000000
701446.000000
706270.000000
707976.000000
709902.000000
711523.000000
714782.000000
715553.000000
721041.000000
725683.000000
726233.000000
731698.000000
731104.000000
732619.000000
738366.000000
743916.000000
745447.000000
750106.000000
754909.000000
741644.000000
747952.000000
752905.000000
755026.000000
759954.000000
762543.000000
773808.000000
776340.000000
778672.000000
780903.000000
783990.000000
786386.000000
793034.000000
797732.000000
798440.000000
800164.000000
804061.000000
832712.000000
839259.000000
837569.000000
840193.000000
852443.000000
857228.000000
858923.000000
863141.000000
864740.000000
871431.000000
883253.000000
894738.000000
896498.000000
899773.000000
902163.000000
901921.000000
901417.000000
904056.000000
907655.000000
908569.000000
878703.000000
881188.000000
881944.000000
885381.000000
889616.000000
892059.000000
894819.000000
893161.000000
891031.000000
896620.000000
901897.000000
904384.000000
908127.000000
910407.000000
913003.000000
918439.000000
923198.000000
927578.000000
926937.000000
935780.000000
939898.000000
938521.000000
945062.000000
949995.000000
952526.000000
955638.000000
959606.000000
959421.000000
963088.000000
967766.000000
970290.000000
974185.000000
978328.000000
976595.000000
977578.000000
981941.000000
983443.000000
987421.000000
992579.000000
994172.000000
998527.000000
1003259.000000
1004802.000000
1010406.000000
1015472.000000
1018014.000000
1022095.000000
1027574.000000
1029982.000000
1041887.000000
1043470.000000
1046772.000000
1055015.000000
1060518.000000
1061936.000000
1058034.000000
1057151.000000
1057738.000000
1061561.000000
1060848.000000
1064151.000000
1071461.000000
1073525.000000
1076363.000000
1078413.000000
1079098.000000
1082263.000000
1084615.000000
1088970.000000
1094861.000000
1097482.000000
1100119.000000
1102348.000000
1102847.000000
1107270.000000
1111959.000000
1114546.000000
1118607.000000
1123973.000000
1125754.000000
1131182.000000
1135162.000000
1134400.000000
1135153.000000
1137386.000000
1143446.000000
1139754.000000
1138057.000000
1142555.000000
1146592.000000
1147139.000000
1151205.000000
1155515.000000
1157049.000000
1161538.000000
1166111.000000
1167369.000000
1171612.000000
1175649.000000
1176793.000000
1178886.000000
1184059.000000
1187155.000000
1189355.000000
1193736.000000
1195513.000000
1198677.000000
1205665.000000
1210857.000000
1212985.000000
1213646.000000
1224390.000000
1225965.000000
1237781.000000
1241752.000000
1248678.000000
1252836.000000
1254478.000000
1266719.000000
1269211.000000
1263527.000000
1269208.000000
1280579.000000
1282972.000000
1285399.000000
1287528.000000
1289840.000000
1290101.000000
1292129.000000
1293289.000000
1297166.000000
1299772.000000
1302190.000000
1303152.000000
1307973.000000
1310017.000000
1314625.000000
1319203.000000
1324910.000000
1326547.000000
1330086.000000
1331047.000000
1334459.000000
1339494.000000
1345711.000000
1352798.000000
1356284.000000
1358339.000000
1361974.000000
1364770.000000
1369020.000000
1371439.000000
1372701.000000
1376255.000000
1373386.000000
1372615.000000
1380623.000000
1382793.000000
1388691.000000
1400140.000000
1401704.000000
1406178.000000
1410102.000000
1420434.000000
1422866.000000
1428644.000000
1432206.000000
1433508.000000
1434552.000000
1446095.000000
1448999.000000
1451420.000000
1457376.000000
1459654.000000
1471446.000000
1481395.000000
1483997.000000
1486321.000000
1486360.000000
1490643.000000
1495565.000000
1497117.000000
1501252.000000
1507446.000000
1509519.000000
1512415.000000
1520836.000000
1519783.000000
1522164.000000
1524475.000000
1530092.000000
1535551.000000
1537370.000000
1542171.000000
1553741.000000
1563492.000000
1568751.000000
1570554.000000
1580060.000000
1580239.000000
1581632.000000
1583990.000000
1580276.000000
1585392.000000
1589932.000000
1591405.000000
1593232.000000
1597917.000000
1596396.000000
1599711.000000
1604899.000000
1610316.000000
1612507.000000
1613962.000000
1618261.000000
1625814.000000
1626424.000000
1628539.000000
1633219.000000
1634438.000000
1638735.000000
1640367.000000
1643515.000000
1649503.000000
1651913.000000
1656048.000000
1661372.000000
1660231.000000
1665523.000000
1660084.000000
1659538.000000
1662359.000000
1673287.000000
1675766.000000
1680759.000000
1683033.000000
1687430.000000
1695551.000000
1695974.000000
1704513.000000
1709197.000000
1710710.000000
1715211.000000
1720434.000000
1719074.000000
1724726.000000
1727194.000000
1729641.000000
1733800.000000
1735907.000000
1740189.000000
1742117.000000
1746568.000000
1750889.000000
1753983.000000
1760811.000000
1760872.000000
1779234.000000
1783406.000000
1790437.000000
1795237.000000
1796855.000000
1797531.000000
1795899.000000
1793057.000000
1798259.000000
1802666.000000
1801826.000000
1804211.000000
1812777.000000
1815351.000000
1811779.000000
1806917.000000
1811452.000000
1813024.000000
1816851.000000
1818680.000000
1818339.000000
1822993.000000
1827526.000000
1828652.000000
1834476.000000
1842123.000000
1849323.000000
1856677.000000
1858232.000000
1859442.000000
1862480.000000
1867350.000000
1870198.000000
1872957.000000
1875211.000000
1876561.000000
1882791.000000
1889738.000000
1893853.000000
1897683.000000
1902213.000000
1903218.000000
1905510.000000
1907621.000000
1908066.000000
1909100.000000
1916821.000000
1916502.000000
1909815.000000
1919423.000000
1918908.000000
1920995.000000
1926852.000000
1938183.000000
1943141.000000
1945553.000000
1948148.000000
1951857.000000
1953685.000000
1956791.000000
1960214.000000
1963023.000000
1970983.000000
1976420.000000
1978475.000000
1981302.000000
1988177.000000
1992781.000000
1991692.000000
1996046.000000
2001154.000000
2002774.000000
2008126.000000
2013247.000000
2015365.000000
2017512.000000
2019480.000000
2024825.000000
2025481.000000
2027735.000000
2029473.000000
2032623.000000
2039183.000000
2041608.000000
2045165.000000
2048391.000000
2041276.000000
2044624.000000
2047211.000000
2048485.000000
2056464.000000
2057169.000000
2059654.000000
2067730.000000
2069212.000000
2071475.000000
2075050.000000
2078771.000000
2083265.000000
2084898.000000
2089038.000000
2094002.000000
2095935.000000
2098863.000000
2104300.000000
2106001.000000
2110075.000000
2112450.000000
2113164.000000
2115597.000000
2119915.000000
2121508.000000
2126742.000000
2125524.000000
2126306.000000
2126065.000000
2133130.000000
2137834.000000
2137179.000000
2137638.000000
2143075.000000
2145123.000000
2150914.000000
2156059.000000
2158623.000000
2159430.000000
2161038.000000
2161719.000000
2154649.000000
2156810.000000
2154990.000000
2158956.000000
2159202.000000
2159915.000000
2166366.000000
2175353.000000
2176742.000000
2181042.000000
2174269.000000
2176082.000000
2179855.000000
2184347.000000
2185427.000000
2193709.000000
2194844.000000
2198237.000000
2202416.000000
2207388.000000
2211983.000000
2213178.000000
2217742.000000
2222362.000000
2223517.000000
2229810.000000
2233948.000000
2235343.000000
2234013.000000
2236401.000000
2241474.000000
2247756.000000
2257512.000000
2261546.000000
2269976.000000
2274463.000000
2279978.000000
2281246.000000
2283803.000000
2289193.000000
2292773.000000
2294397.000000
2294299.000000
2297676.000000
2298487.000000
2297784.000000
2298818.000000
2299371.000000
2300325.000000
2301735.000000
2300167.000000
2298433.000000
2299824.000000
2301858.000000
2305482.000000
2300703.000000
2308154.000000
2308335.000000
2309983.000000
2315046.000000
2326769.000000
2327096.000000
2328799.000000
2336627.000000
2338242.000000
2337518.000000
2341552.000000
2349073.000000
2353988.000000
2356597.000000
2360202.000000
2364537.000000
2358670.000000
2358018.000000
2360779.000000
2361510.000000
2351525.000000
2359384.000000
2362036.000000
2361686.000000
2356654.000000
2363117.000000
2360639.000000
2358334.000000
2362444.000000
2360262.000000
2355601.000000
2360367.000000
2358814.000000
2429550.000000
2430623.000000
2429103.000000
2426846.000000
2428715.000000
2430566.000000
2427950.000000
2421669.000000
2428546.000000
2428681.000000
2432798.000000
2436467.000000
2433780.000000
2432558.000000
2431319.000000
2433345.000000
2435464.000000
2409568.000000
2409485.000000
2408140.000000
2414983.000000
2413653.000000
2405423.000000
2403309.000000
2407307.000000
2400146.000000
2398727.000000
2402834.000000
2395213.000000
2390443.000000
2391548.000000
2391580.000000
2400284.000000
2404361.000000
2402686.000000
2400819.000000
2398066.000000
2401830.000000
2405016.000000
2398671.000000
2401341.000000
2405371.000000
2400041.000000
2404306.000000
2412679.000000
2407885.000000
2409147.000000
2411527.000000
2408565.000000
2409590.000000
2409330.000000
2409110.000000
2408968.000000
2407124.000000
2402198.000000
2399332.000000
2415601.000000
2414305.000000
2408790.000000
2411806.000000
2411089.000000
2405212.000000
2406762.000000
2408922.000000
2408649.000000
2412159.000000
2415164.000000
2410059.000000
2412272.000000
2418219.000000
2413729.000000
2415554.000000
2415276.000000
2410994.000000
2414154.000000
2413509.000000
2408370.000000
2409366.000000
2409730.000000
2405133.000000
2406240.000000
2403855.000000
2398764.000000
2404236.000000
2406369.000000
2396708.000000
2398075.000000
2394773.000000
2404975.000000
2405387.000000
2399900.000000
2396530.000000
2406022.000000
2407400.000000
2405336.000000
2404663.000000
2404550.000000
2410598.000000
2412680.000000
2401511.000000
2401246.000000
2404871.000000
2409102.000000
2413075.000000
2406950.000000
2411643.000000
2411105.000000
2406994.000000
2410714.000000
2412598.000000
2406763.000000
2409238.000000
2411867.000000
2405660.000000
2409274.000000
2409562.000000
2404409.000000
2408350.000000
2409110.000000
2403992.000000
2407921.000000
2408251.000000
2416387.000000
2412037.000000
2407930.000000
2415664.000000
2422909.000000
2422369.000000
2427613.000000
2426193.000000
2424002.000000
2428322.000000
2428167.000000
2424264.000000
2428534.000000
2429067.000000
2425042.000000
2428229.000000
2430398.000000
2429400.000000
2425433.000000
2431796.000000
2430782.000000
2430471.000000
2433013.000000
2422911.000000
2428182.000000
2437271.000000
2439705.000000
2430926.000000
2432708.000000
2425581.000000
2421037.000000
2420091.000000
2412334.000000
2417755.000000
2416733.000000
2412546.000000
2418988.000000
2414838.000000
2407812.000000
2407369.000000
2410358.000000
2409635.000000
2411042.000000
2406346.000000
2408718.000000
2419767.000000
2421751.000000
2426496.000000
2427572.000000
2426537.000000
2424192.000000
2434398.000000
2433753.000000
2422159.000000
2424389.000000
2421383.000000
2423464.000000
2428583.000000
2432867.000000
2431780.000000
2429493.000000
2426687.000000
2424267.000000
2429783.000000
2431793.000000
2429076.000000
2431757.000000
2429705.000000
2431147.000000
2430186.000000
2424444.000000
2428934.000000
2428186.000000
2430155.000000
2427209.000000
2424994.000000
2434181.000000
2432726.000000
2432349.000000
2426381.000000
2431471.000000
2431016.000000
2430008.000000
2431011.000000
2429715.000000
2431756.000000
2434838.000000
2436017.000000
2435013.000000
2434028.000000
2429802.000000
2426635.000000
2423909.000000
2426163.000000
2431414.000000
2422519.000000
2427126.000000
2431679.000000
2430245.000000
2421693.000000
2426090.000000
2427622.000000
2423966.000000
2420608.000000
2418200.000000
2424147.000000
2429883.000000
2424291.000000
2429315.000000
2429819.000000
2424652.000000
2417533.000000
2412089.000000
2415784.000000
2407936.000000
2411835.000000
2405648.000000
2406499.000000
2409405.000000
2405730.000000
2402037.000000
2409510.000000
2409180.000000
2400108.000000
2402584.000000
2410411.000000
2411894.000000
2406412.000000
2412577.000000
2414229.000000
2411725.000000
2409017.000000
2415769.000000
2418466.000000
2416192.000000
2414861.000000
2411017.000000
2417512.000000
2419484.000000
2413190.000000
2416325.000000
2425320.000000
2420245.000000
2424066.000000
2421422.000000
2425893.000000
2425089.000000
2422085.000000
2421799.000000
2424006.000000
2421943.000000
2426574.000000
2422122.000000
2414670.000000
2414720.000000
2416159.000000
2412857.000000
2417488.000000
2416019.000000
2412230.000000
2416824.000000
2411668.000000
2409237.000000
2410162.000000
2408744.000000
2412228.000000
2418091.000000
2420184.000000
2418711.000000
2417652.000000
2415617.000000
2392480.000000
2391265.000000
2394651.000000
2395987.000000
2382533.000000
2381794.000000
2381540.000000
2383655.000000
2383923.000000
2384271.000000
2370472.000000
2371248.000000
2372385.000000
2372619.000000
2365155.000000
2362591.000000
2363214.000000
2364223.000000
2362019.000000
2365837.000000
2363566.000000
2360049.000000
2360153.000000
2360590.000000
2354861.000000
2356543.000000
2351036.000000
2338844.000000
2337711.000000
2333203.000000
2329492.000000
2329904.000000
2327748.000000
2326299.000000
2324076.000000
2322063.000000
2331176.000000
2328112.000000
2320478.000000
2318772.000000
2316711.000000
2313836.000000
2313319.000000
2310060.000000
2306128.000000
2306298.000000
2306758.000000
2301205.000000
2289461.000000
2291028.000000
2287664.000000
2279883.000000
2281380.000000
2276876.000000
2274757.000000
2267929.000000
2264758.000000
2262072.000000
2262596.000000
2262408.000000
2261311.000000
2266124.000000
2261424.000000
2263803.000000
2262755.000000
2257284.000000
2258148.000000
2258871.000000
2253818.000000
2249286.000000
2249543.000000
2250110.000000
2246974.000000
2251848.000000
2252758.000000
2247354.000000
2250443.000000
2250681.000000
2251430.000000
2246470.000000
2242038.000000
2237497.000000
2239033.000000
2240587.000000
2235278.000000
2236624.000000
2236528.000000
2235801.000000
2236890.000000
2240089.000000
2238898.000000
2241663.000000
2234605.000000
2240312.000000
2242607.000000
2236477.000000
2232834.000000
2233885.000000
2237201.000000
2236914.000000
2237812.000000
2241806.000000
2243839.000000
2238400.000000
2241685.000000
2247383.000000
2246433.000000
2248369.000000
2250249.000000
2244874.000000
2249448.000000
2258579.000000
2254700.000000
2256611.000000
2255608.000000
2250669.000000
2248562.000000
2252822.000000
2248987.000000
2244424.000000
2245995.000000
2245846.000000
2245567.000000
2250145.000000
2247793.000000
2242224.000000
2243974.000000
2246152.000000
2243656.000000
2246253.000000
2245994.000000
2242383.000000
2245401.000000
2241868.000000
2246530.000000
2247781.000000
2244505.000000
2234937.000000
2236806.000000
2239493.000000
2239005.000000
2240359.000000
2245872.000000
2240196.000000
2246941.000000
2243625.000000
2257505.000000
2255942.000000
2260882.000000
2250844.000000
2254812.000000
2257432.000000
2255126.000000
2253810.000000
2254667.000000
2252589.000000
2248069.000000
2242302.000000
2241129.000000
2241275.000000
2244401.000000
2231208.000000
2229108.000000
2229091.000000
2223106.000000
2221506.000000
2214619.000000
2215280.000000
2218965.000000
2216971.000000
2208615.000000
2209331.000000
2211732.000000
2210807.000000
2206719.000000
2203295.000000
2203791.000000
2196469.000000
2196932.000000
2195517.000000
2195966.000000
2199834.000000
2204011.000000
2205098.000000
2204408.000000
2199852.000000
2194931.000000
2190848.000000
2197553.000000
2189260.000000
2183350.000000
2182164.000000
2183006.000000
2177444.000000
2175786.000000
2176039.000000
2175658.000000
2169647.000000
2160338.000000
2163766.000000
2164881.000000
2164001.000000
2159266.000000
2160136.000000
2159133.000000
2161704.000000
2158389.000000
2152509.000000
2147644.000000
2147429.000000
2148393.000000
2138269.000000
2138440.000000
2137707.000000
2131983.000000
2132616.000000
2132903.000000
2126275.000000
2127354.000000
2052387.000000
2058111.000000
2052311.000000
2054904.000000
2052393.000000
2049956.000000
2053582.000000
2048698.000000
2041642.000000
2038345.000000
2036966.000000
2029123.000000
2027128.000000
2026739.000000
2024005.000000
2023665.000000
2018939.000000
2007359.000000
2008593.000000
2007692.000000
2002678.000000
1998019.000000
2001110.000000
2001274.000000
1995215.000000
1998975.000000
2001268.000000
1994616.000000
1994919.000000
1996339.000000
1996898.000000
1991083.000000
1983061.000000
1973817.000000
1975577.000000
1976439.000000
1977016.000000
1976570.000000
1971729.000000
1973002.000000
1975587.000000
1966819.000000
1970801.000000
1969647.000000
1961664.000000
1956849.000000
1957717.000000
1958598.000000
1952162.000000
1953791.000000
1952927.000000
1950775.000000
1953559.000000
1952861.000000
1955489.000000
1933801.000000
1934759.000000
1924728.000000
1926548.000000
1928499.000000
1929616.000000
1928595.000000
1933708.000000
1932055.000000
1925911.000000
1917488.000000
1923635.000000
1925576.000000
1923111.000000
1916043.000000
1906561.000000
1908923.000000
1909375.000000
1904015.000000
1902744.000000
1902461.000000
1901611.000000
1904114.000000
1907315.000000
1906638.000000
1908682.000000
1912623.000000
1915961.000000
1907918.000000
1908644.000000
1908932.000000
1911440.000000
1907540.000000
1900372.000000
1903205.000000
1917243.000000
1914251.000000
1906899.000000
1903402.000000
1900478.000000
1901037.000000
1897292.000000
1881787.000000
1883256.000000
1882818.000000
1889575.000000
1890141.000000
1890166.000000
1882603.000000
1884956.000000
1886774.000000
1888684.000000
1887268.000000
1884396.000000
1881465.000000
1888649.000000
1887857.000000
1882196.000000
1884239.000000
1882792.000000
1878468.000000
1881401.000000
1879436.000000
1876802.000000
1879664.000000
1878095.000000
1874771.000000
1863252.000000
1865032.000000
1865433.000000
1861049.000000
1859723.000000
1854539.000000
1849747.000000
1852937.000000
1851369.000000
1842067.000000
1844402.000000
1846035.000000
1843009.000000
1839402.000000
1836831.000000
1834691.000000
1830577.000000
1824179.000000
1823373.000000
1819260.000000
1813303.000000
1814907.000000
1814894.000000
1811720.000000
1802241.000000
1795152.000000
1793133.000000
1791965.000000
1789318.000000
1786978.000000
1790436.000000
1794139.000000
1796954.000000
1796606.000000
1790487.000000
1793482.000000
1783403.000000
1783988.000000
1785805.000000
1784265.000000
1778367.000000
1780424.000000
1776543.000000
1778818.000000
1776754.000000
1767765.000000
1770165.000000
1772017.000000
1762529.000000
1765750.000000
1763599.000000
1754979.000000
1754667.000000
1755918.000000
1755354.000000
1757816.000000
1760961.000000
1755876.000000
1752542.000000
1753108.000000
1752194.000000
1745924.000000
1746294.000000
1744368.000000
1739598.000000
1739493.000000
1738217.000000
1733711.000000
1733938.000000
1736269.000000
1737282.000000
1734042.000000
1728376.000000
1723933.000000
1726327.000000
1724880.000000
1713540.000000
1716883.000000
1718868.000000
1713057.000000
1704797.000000
1707668.000000
1709158.000000
1708618.000000
1703703.000000
1693224.000000
1690947.000000
1690197.000000
1689413.000000
1687470.000000
1673987.000000
1677449.000000
1681225.000000
1679063.000000
1674593.000000
1676979.000000
1673386.000000
1670499.000000
1673425.000000
1672622.000000
1668008.000000
1668186.000000
1668112.000000
1667947.000000
1671210.000000
1665325.000000
1653895.000000
1657508.000000
1656699.000000
1653636.000000
1648208.000000
1651447.000000
1655877.000000
1650004.000000
1651011.000000
1653132.000000
1653375.000000
1654625.000000
1652763.000000
1653625.000000
1651609.000000
1645673.000000
1641836.000000
1643526.000000
1649172.000000
1635192.000000
1638389.000000
1639606.000000
1635100.000000
1636971.000000
1637747.000000
1631685.000000
1625927.000000
1624222.000000
1625980.000000
1625150.000000
1624665.000000
1620281.000000
1622797.000000
1625235.000000
1608676.000000
1606935.000000
1609076.000000
1611746.000000
1609760.000000
1611141.000000
1612196.000000
1610225.000000
1606622.000000
1599270.000000
1599088.000000
1601198.000000
1598105.000000
1596086.000000
1599988.000000
1598752.000000
1591539.000000
1594500.000000
1597623.000000
1599406.000000
1595159.000000
1597345.000000
1599859.000000
1600073.000000
1600856.000000
1596380.000000
1589402.000000
1588564.000000
1584392.000000
1583527.000000
1585717.000000
1586462.000000
1587764.000000
1563477.000000
1562533.000000
1565715.000000
1568618.000000
1567268.000000
1567599.000000
1570687.000000
1570522.000000
1571880.000000
1547195.000000
1544980.000000
1547395.000000
1547022.000000
1527703.000000
1528601.000000
1529954.000000
1507730.000000
1508146.000000
1508785.000000
1502714.000000
1503599.000000
1507102.000000
1507764.000000
1510179.000000
1511356.000000
1508086.000000
1511166.000000
1514599.000000
1516312.000000
1518980.000000
1519551.000000
1520538.000000
1523739.000000
1526975.000000
1532140.000000
1535546.000000
1537409.000000
1540024.000000
1542439.000000
1541753.000000
1545959.000000
1549284.000000
1550437.000000
1553402.000000
1560569.000000
1562453.000000
1564100.000000
1565567.000000
1566710.000000
1569414.000000
1572581.000000
1572454.000000
1574433.000000
1576210.000000
1578045.000000
1583811.000000
1590666.000000
1590550.000000
1590262.000000
1591178.000000
1583395.000000
1581993.000000
1584038.000000
1582690.000000
1584444.000000
1588027.000000
1589585.000000
1592257.000000
1603313.000000
1604316.000000
1606912.000000
1606013.000000
1604521.000000
1603370.000000
1600273.000000
1599757.000000
1602469.000000
1598004.000000
1600445.000000
1601294.000000
1603151.000000
1601884.000000
1600595.000000
1599114.000000
1599168.000000
1590537.000000
1592355.000000
1593156.000000
1586964.000000
1584621.000000
1586950.000000
1584502.000000
1579424.000000
1580551.000000
1574569.000000
1582170.000000
1579059.000000
1573159.000000
1573671.000000
1573700.000000
1569253.000000
1571397.000000
1573187.000000
1566878.000000
1561260.000000
1562377.000000
1561507.000000
1564787.000000
1563245.000000
1553435.000000
1554578.000000
1556294.000000
1557476.000000
1557421.000000
1558568.000000
1557166.000000
1556621.000000
1556408.000000
1557589.000000
1558070.000000
1552636.000000
1548990.000000
1548000.000000
1544097.000000
1545649.000000
1552149.000000
1549965.000000
1548006.000000
1547563.000000
1544724.000000
1544284.000000
1540763.000000
1529663.000000
1530836.000000
1531393.000000
1535230.000000
1534095.000000
1531182.000000
1531860.000000
1531377.000000
1521109.000000
1522568.000000
1522291.000000
1510959.000000
1511599.000000
1509760.000000
1504412.000000
1502227.000000
1503367.000000
1500640.000000
1501459.000000
1496521.000000
1497303.000000
1500873.000000
1500566.000000
1500251.000000
1501128.000000
1504128.000000
1503371.000000
1502034.000000
1501248.000000
1501741.000000
1501267.000000
1501344.000000
1496962.000000
1492486.000000
1493610.000000
1495096.000000
1492355.000000
1494005.000000
1493729.000000
1496785.000000
1499506.000000
1500152.000000
1500078.000000
1497835.000000
1498733.000000
1505232.000000
1510976.000000
1511324.000000
1504643.000000
1507920.000000
1511061.000000
1510995.000000
1510416.000000
1509939.000000
1502855.000000
1504230.000000
1505209.000000
1504886.000000
1502997.000000
1501124.000000
1498066.000000
1501785.000000
1503159.000000
1503369.000000
1505165.000000
1502814.000000
1503174.000000
1503813.000000
1509988.000000
1508672.000000
1511053.000000
1510107.000000
1510843.000000
1500526.000000
1502508.000000
1505758.000000
1506980.000000
1509071.000000
1510079.000000
1512479.000000
1516600.000000
1519325.000000
1519030.000000
1520266.000000
1523330.000000
1521877.000000
1514514.000000
1516890.000000
1519790.000000
1519780.000000
1517858.000000
1511461.000000
1516636.000000
1514708.000000
1519664.000000
1518595.000000
1519792.000000
1519443.000000
1518154.000000
1521837.000000
1527517.000000
1526175.000000
1529184.000000
1531092.000000
1531633.000000
1534731.000000
1538263.000000
1531692.000000
1533410.000000
1533817.000000
1532230.000000
1525223.000000
1526949.000000
1533898.000000
1532437.000000
1531294.000000
1532799.000000
1532054.000000
1534350.000000
1535557.000000
1529129.000000
1532840.000000
1539270.000000
1538913.000000
1532109.000000
1535010.000000
1542858.000000
1542941.000000
1538837.000000
1540496.000000
1537040.000000
1538461.000000
1545608.000000
1544079.000000
1542588.000000
1543309.000000
1546209.000000
1542488.000000
1545370.000000
1546422.000000
1546454.000000
1542951.000000
1544408.000000
1549296.000000
1544118.000000
1544678.000000
1547300.000000
1545860.000000
1543416.000000
1546113.000000
1545600.000000
1540630.000000
1540797.000000
1543623.000000
1543569.000000
1544944.000000
1545090.000000
1541994.000000
1545205.000000
1544687.000000
1540186.000000
1541095.000000
1540169.000000
1534166.000000
1535559.000000
1537784.000000
1534769.000000
1531899.000000
1532868.000000
1531829.000000
1530779.000000
1529895.000000
1533059.000000
1528708.000000
1513486.000000
1518907.000000
1518113.000000
1513877.000000
1514640.000000
1516785.000000
1517755.000000
1519520.000000
1520680.000000
1523006.000000
1523778.000000
1515884.000000
1518933.000000
1521482.000000
1522504.000000
1523913.000000
1520658.000000
1520117.000000
1517159.000000
1519772.000000
1518034.000000
1509560.000000
1511436.000000
1513561.000000
1513448.000000
1516652.000000
1515583.000000
1519049.000000
1520130.000000
1518876.000000
1514346.000000
1515954.000000
1520413.000000
1521555.000000
1518477.000000
1528143.000000
1527358.000000
1520948.000000
1523330.000000
1522893.000000
1521045.000000
1519527.000000
1524066.000000
1528683.000000
1518190.000000
1518681.000000
1520270.000000
1519541.000000
1518993.000000
1521148.000000
1524858.000000
1526302.000000
1530043.000000
1531753.000000
1539659.000000
1541251.000000
1545967.000000
1550526.000000
1549951.000000
1552704.000000
1553082.000000
1555097.000000
1556938.000000
1553789.000000
1553136.000000
1548022.000000
1549174.000000
1551107.000000
1549953.000000
1547113.000000
1545266.000000
1548335.000000
1555940.000000
1558367.000000
1559351.000000
1559612.000000
1560164.000000
1555159.000000
1556507.000000
1554387.000000
1552467.000000
1552541.000000
1556019.000000
1554983.000000
1557769.000000
1555896.000000
1553446.000000
1557785.000000
1556361.000000
1548889.000000
1551029.000000
1550124.000000
1548647.000000
1547748.000000
1549263.000000
1549989.000000
1554808.000000
1553960.000000
1557020.000000
1559964.000000
1563338.000000
1564490.000000
1560295.000000
1563006.000000
1562552.000000
1561750.000000
1564812.000000
1562151.000000
1556943.000000
1560679.000000
1562480.000000
1561535.000000
1561742.000000
1564352.000000
1558005.000000
1555872.000000
1558105.000000
1560795.000000
1563986.000000
1563114.000000
1562739.000000
1559395.000000
1560472.000000
1562080.000000
1555393.000000
1557146.000000
1560301.000000
1559294.000000
1559569.000000
1562656.000000
1560823.000000
1557584.000000
1560021.000000
1562095.000000
1565363.000000
1564241.000000
1566780.000000
1563593.000000
1564726.000000
1571898.000000
1567338.000000
1568692.000000
1570487.000000
1572317.000000
1569131.000000
1567330.000000
1564922.000000
1567640.000000
1565533.000000
1561008.000000
1559413.000000
1561197.000000
1564097.000000
1564987.000000
1567015.000000
1568722.000000
1565768.000000
1560970.000000
1561029.000000
1557245.000000
1565308.000000
1568205.000000
1559639.000000
1558475.000000
1561847.000000
1569740.000000
1568404.000000
1567978.000000
1571181.000000
1572497.000000
1570855.000000
1566193.000000
1563279.000000
1561238.000000
1562494.000000
1564090.000000
1562330.000000
1563394.000000
1558546.000000
1559091.000000
1559639.000000
1557737.000000
1553237.000000
1555789.000000
1557538.000000
1553422.000000
1554887.000000
1554435.000000
1551210.000000
1552863.000000
1551402.000000
1548248.000000
1549411.000000
1547711.000000
1546933.000000
1543751.000000
1544418.000000
1541859.000000
1545910.000000
1547539.000000
1541076.000000
1543905.000000
1544490.000000
1543925.000000
1548053.000000
1551704.000000
1551065.000000
1550659.000000
1549655.000000
1544758.000000
1547350.000000
1547926.000000
1544830.000000
1547019.000000
1542270.000000
1544006.000000
1547445.000000
1543599.000000
1540973.000000
1544132.000000
1543024.000000
1543689.000000
1541758.000000
1538801.000000
1539920.000000
1543980.000000
1545790.000000
1541574.000000
1544194.000000
1545244.000000
1541371.000000
1544071.000000
1545005.000000
1540451.000000
1544519.000000
1545590.000000
1541431.000000
1544450.000000
1545952.000000
1543915.000000
1540919.000000
1537465.000000
1538425.000000
1540604.000000
1540445.000000
1541472.000000
1539993.000000
1538695.000000
1541337.000000
1538410.000000
1534707.000000
1535955.000000
1535084.000000
1536505.000000
1540580.000000
1540083.000000
1538502.000000
1539242.000000
1541920.000000
1541217.000000
1542137.000000
1539010.000000
1537083.000000
1538390.000000
1538491.000000
1537158.000000
1538474.000000
1537465.000000
1537673.000000
1539113.000000
1539088.000000
1536697.000000
1535339.000000
1525142.000000
1520977.000000
1522336.000000
1528635.000000
1525180.000000
1526610.000000
1523355.000000
1526108.000000
1524418.000000
1521412.000000
1523561.000000
1516796.000000
1519531.000000
1527403.000000
1528597.000000
1531874.000000
1537600.000000
1533715.000000
1533062.000000
1536642.000000
1536508.000000
1536794.000000
1538218.000000
1538372.000000
1535028.000000
1536617.000000
1533429.000000
1537071.000000
1535980.000000
1537434.000000
1535685.000000
1536343.000000
1534519.000000
1534992.000000
1531968.000000
1525766.000000
1533252.000000
1533998.000000
1531784.000000
1531428.000000
1524381.000000
1524645.000000
1522774.000000
1521462.000000
1520010.000000
1520937.000000
1518672.000000
1519643.000000
1523338.000000
1516706.000000
1519397.000000
1521445.000000
1526849.000000
1523229.000000
1520633.000000
1521599.000000
1523455.000000
1523814.000000
1519916.000000
1517665.000000
1517850.000000
1516899.000000
1519717.000000
1521611.000000
1520353.000000
1521062.000000
1521314.000000
1517633.000000
1512673.000000
1517278.000000
1514868.000000
1514700.000000
1514898.000000
1515000.000000
1514095.000000
1511382.000000
1502040.000000
1505094.000000
1503973.000000
1505378.000000
1512045.000000
1513265.000000
1516166.000000
1520101.000000
1519623.000000
1517860.000000
1515719.000000
1515956.000000
1523109.000000
1522364.000000
1520136.000000
1520461.000000
1520595.000000
1524361.000000
1528157.000000
1526381.000000
1527226.000000
1528171.000000
1533625.000000
1535016.000000
1536415.000000
1536710.000000
1540212.000000
1539436.000000
1536244.000000
1538147.000000
1541267.000000
1540620.000000
1543854.000000
1545185.000000
1540493.000000
1538611.000000
1538256.000000
1539500.000000
1537452.000000
1534580.000000
1535189.000000
1538066.000000
1537987.000000
1539769.000000
1534562.000000
1536484.000000
1537597.000000
1539789.000000
1543264.000000
1544475.000000
1545631.000000
1546322.000000
1544581.000000
1545628.000000
1544889.000000
1539059.000000
1541739.000000
1537175.000000
1540930.000000
1540363.000000
1537008.000000
1541498.000000
1545036.000000
1544050.000000
1542959.000000
1543842.000000
1544601.000000
1547462.000000
1548582.000000
1545823.000000
1546103.000000
1550567.000000
1549973.000000
1548501.000000
1545076.000000
1546454.000000
1543842.000000
1545126.000000
1539911.000000
1540892.000000
1542854.000000
1540857.000000
1538801.000000
1534751.000000
1536076.000000
1539373.000000
1542096.000000
1543483.000000
1537529.000000
1531783.000000
1534261.000000
1534846.000000
1533175.000000
1533359.000000
1537076.000000
1539123.000000
1540531.000000
1539821.000000
1539646.000000
1546336.000000
1547101.000000
1546484.000000
1540057.000000
1540597.000000
1542422.000000
1543101.000000
1542707.000000
1539211.000000
1542306.000000
1542813.000000
1541445.000000
1536523.000000
1533917.000000
1532957.000000
1535897.000000
1532186.000000
1528492.000000
1532045.000000
1534407.000000
1536533.000000
1534575.000000
1525839.000000
1532068.000000
1533233.000000
1536045.000000
1534985.000000
1532903.000000
1534773.000000
1538720.000000
1534834.000000
1536856.000000
1538534.000000
1535247.000000
1531678.000000
1535666.000000
1538827.000000
1535431.000000
1538640.000000
1537370.000000
1535851.000000
1538659.000000
1537483.000000
1531646.000000
1536265.000000
1540033.000000
1536714.000000
1537810.000000
1535324.000000
1533876.000000
1536318.000000
1537917.000000
1539009.000000
1542175.000000
1545260.000000
1546591.000000
1548492.000000
1545118.000000
1547998.000000
1549524.000000
1552259.000000
1555265.000000
1550426.000000
1552177.000000
1550274.000000
1544865.000000
1545810.000000
1542032.000000
1542733.000000
1541862.000000
1540652.000000
1542125.000000
1543562.000000
1543390.000000
1545464.000000
1544722.000000
1537412.000000
1538492.000000
1540126.000000
1538512.000000
1538645.000000
1537313.000000
1538888.000000
1536686.000000
1537943.000000
1537047.000000
1535133.000000
1533297.000000
1532759.000000
1530109.000000
1525035.000000
1519339.000000
1523589.000000
1525179.000000
1526123.000000
1526073.000000
1523164.000000
1514515.000000
1514314.000000
1516368.000000
1513445.000000
1515077.000000
1519233.000000
1518071.000000
1516522.000000
1517961.000000
1513545.000000
1508647.000000
1511626.000000
1511000.000000
1512338.000000
1507861.000000
1509099.000000
1508610.000000
1506210.000000
1506195.000000
1506819.000000
1506050.000000
1497374.000000
1498298.000000
1496908.000000
1493233.000000
1495119.000000
1494515.000000
1490532.000000
1486172.000000
1488128.000000
1487476.000000
1485145.000000
1482754.000000
1483781.000000
1483749.000000
1483927.000000
1477920.000000
1488009.000000
1487390.000000
1481579.000000
1478422.000000
1479967.000000
1479780.000000
1478448.000000
1482391.000000
1481132.000000
1481656.000000
1482040.000000
1481359.000000
1478357.000000
1472255.000000
1474580.000000
1477744.000000
1476136.000000
1469664.000000
1471546.000000
1475122.000000
1475913.000000
1473469.000000
1472984.000000
1473291.000000
1478913.000000
1477535.000000
1470240.000000
1470526.000000
1475847.000000
1476513.000000
1473197.000000
1476697.000000
1475664.000000
1473849.000000
1476847.000000
1474856.000000
1473520.000000
1476947.000000
1474042.000000
1471123.000000
1470301.000000
1471149.000000
1470465.000000
1469924.000000
1470105.000000
1468817.000000
1470710.000000
1471539.000000
1463829.000000
1465688.000000
1467047.000000
1470724.000000
1470359.000000
1472120.000000
1479229.000000
1477920.000000
1477736.000000
1477163.000000
1474381.000000
1469153.000000
1471570.000000
1472562.000000
1475220.000000
1467698.000000
1468328.000000
1469952.000000
1466686.000000
1469797.000000
1468259.000000
1461042.000000
1461784.000000
1466423.000000
1468557.000000
1466656.000000
1467669.000000
1461016.000000
1463349.000000
1465784.000000
1463626.000000
1465707.000000
1465855.000000
1463508.000000
1462611.000000
1467607.000000
1465663.000000
1461557.000000
1460513.000000
1460518.000000
1461831.000000
1464792.000000
1462822.000000
1459769.000000
1458299.000000
1460838.000000
1461575.000000
1456945.000000
1457470.000000
1455627.000000
1449947.000000
1451773.000000
1455258.000000
1457803.000000
1459283.000000
1461353.000000
1463289.000000
1462363.000000
1458324.000000
1459497.000000
1460471.000000
1461621.000000
1464344.000000
1463719.000000
1462621.000000
1462109.000000
1456109.000000
1459270.000000
1460295.000000
1459745.000000
1457216.000000
1456372.000000
1460235.000000
1459282.000000
1457617.000000
1460457.000000
1459646.000000
1457081.000000
1461248.000000
1461642.000000
1459169.000000
1455564.000000
1456505.000000
1456525.000000
1452319.000000
1455704.000000
1455794.000000
1452061.000000
1453768.000000
1452516.000000
1448499.000000
1449414.000000
1448514.000000
1444293.000000
1445381.000000
1444267.000000
1445557.000000
1447337.000000
1442743.000000
1444051.000000
1445622.000000
1443054.000000
1445863.000000
1451090.000000
1449725.000000
1450837.000000
1448729.000000
1447697.000000
1445738.000000
1446449.000000
1448476.000000
1451282.000000
1452519.000000
1454994.000000
1457402.000000
1463947.000000
1462032.000000
1467503.000000
1471083.000000
1469992.000000
1467441.000000
1472434.000000
1472940.000000
1474029.000000
1477829.000000
1478509.000000
1475300.000000
1475738.000000
1478158.000000
1480213.000000
1479794.000000
1480656.000000
1480476.000000
1477073.000000
1480381.000000
1481689.000000
1482648.000000
1476059.000000
1479662.000000
1483623.000000
1481733.000000
1479694.000000
1480589.000000
1479129.000000
1474852.000000
1473309.000000
1473076.000000
1474399.000000
1474239.000000
1475211.000000
1474313.000000
1475192.000000
1475616.000000
1475960.000000
1478635.000000
1478126.000000
1480065.000000
1483626.000000
1474919.000000
1476062.000000
1478079.000000
1486577.000000
1492275.000000
1492607.000000
1490813.000000
1489950.000000
1492344.000000
1491297.000000
1483241.000000
1482351.000000
1485465.000000
1479944.000000
1487542.000000
1486470.000000
1482612.000000
1486007.000000
1487226.000000
1486919.000000
1484096.000000
1486590.000000
1484901.000000
1485364.000000
1483643.000000
1479147.000000
1477917.000000
1481476.000000
1481196.000000
1484442.000000
1482204.000000
1483626.000000
1476170.000000
1470273.000000
1469068.000000
1468849.000000
1467803.000000
1467743.000000
1468215.000000
1469151.000000
1470332.000000
1470752.000000
1468067.000000
1464188.000000
1465648.000000
1461216.000000
1461886.000000
1461376.000000
1458495.000000
1454962.000000
1454631.000000
1454611.000000
1457524.000000
1458959.000000
1459133.000000
1456440.000000
1455842.000000
1458966.000000
1462258.000000
1461273.000000
1460149.000000
1461787.000000
1464453.000000
1465664.000000
1464563.000000
1466139.000000
1464879.000000
1476578.000000
1478180.000000
1477794.000000
1472902.000000
1474196.000000
1476786.000000
1479734.000000
1479866.000000
1483509.000000
1480507.000000
1475071.000000
1477661.000000
1478153.000000
1476782.000000
1477863.000000
1479800.000000
1475466.000000
1476328.000000
1474772.000000
1478328.000000
1479067.000000
1478305.000000
1477464.000000
1479404.000000
1474341.000000
1478265.000000
1480825.000000
1478190.000000
1474420.000000
1472994.000000
1474931.000000
1478229.000000
1478047.000000
1482593.000000
1482523.000000
1477363.000000
1473650.000000
1477115.000000
1522366.000000
1514328.000000
1515115.000000
1516689.000000
1509889.000000
1512829.000000
1517818.000000
1513477.000000
1517144.000000
1515918.000000
1516490.000000
1517138.000000
1515019.000000
1514660.000000
1515909.000000
1515249.000000
1518651.000000
1519573.000000
1519418.000000
1514934.000000
1519458.000000
1521362.000000
1522252.000000
1525267.000000
1525852.000000
1523591.000000
1518818.000000
1520521.000000
1523904.000000
1520938.000000
1516782.000000
1520499.000000
1522887.000000
1522451.000000
1521152.000000
1522307.000000
1521766.000000
1522463.000000
1519962.000000
1518106.000000
1518832.000000
1518213.000000
1516239.000000
1520356.000000
1522141.000000
1519594.000000
1521554.000000
1519492.000000
1520025.000000
1520697.000000
1522148.000000
1521108.000000
1518379.000000
1519815.000000
1517834.000000
1513857.000000
1513853.000000
1512229.000000
1511261.000000
1510960.000000
1506469.000000
1508931.000000
1507179.000000
1503585.000000
1500949.000000
1499850.000000
1500383.000000
1497144.000000
1501012.000000
1499528.000000
1497482.000000
1499541.000000
1502729.000000
1500851.000000
1501785.000000
1501879.000000
1503161.000000
1503796.000000
1503670.000000
1504818.000000
1507642.000000
1512673.000000
1509901.000000
1507490.000000
1509343.000000
1507055.000000
1505312.000000
1503556.000000
1504438.000000
1503191.000000
1498235.000000
1503509.000000
1505740.000000
1503762.000000
1504677.000000
1502357.000000
1496995.000000
1497753.000000
1497098.000000
1491123.000000
1493642.000000
1494437.000000
1495452.000000
1494405.000000
1488403.000000
1491221.000000
1499373.000000
1499321.000000
1496255.000000
1496163.000000
1498506.000000
1495202.000000
1493047.000000
1496930.000000
1496402.000000
1493213.000000
1496602.000000
1495098.000000
1496195.000000
1496647.000000
1497440.000000
1496375.000000
1498516.000000
1496975.000000
1498491.000000
1492071.000000
1493971.000000
1493093.000000
1495578.000000
1496551.000000
1495509.000000
1494596.000000
1493637.000000
1493303.000000
1494526.000000
1497853.000000
1499743.000000
1501474.000000
1500200.000000
1499209.000000
1494854.000000
1498437.000000
1493130.000000
1491663.000000
1492117.000000
1491558.000000
1491676.000000
1495324.000000
1496406.000000
1495821.000000
1499805.000000
1494447.000000
1494237.000000
1496122.000000
1500213.000000
1503511.000000
1504218.000000
1506352.000000
1508045.000000
1510947.000000
1515097.000000
1514073.000000
1509410.000000
1512710.000000
1507857.000000
1509151.000000
1515323.000000
1515643.000000
1520425.000000
1513825.000000
1510838.000000
1510272.000000
1511605.000000
1514000.000000
1519608.000000
1516482.000000
1518638.000000
1519813.000000
1520843.000000
1522529.000000
1523680.000000
1524983.000000
1525976.000000
1524152.000000
1522986.000000
1523342.000000
1525490.000000
1526203.000000
1523068.000000
1523368.000000
1526463.000000
1524206.000000
1524376.000000
1525515.000000
1508416.000000
1509415.000000
1511824.000000
1512498.000000
1515187.000000
1515345.000000
1516403.000000
1518293.000000
1520104.000000
1525972.000000
1526645.000000
1529181.000000
1528647.000000
1536281.000000
1530997.000000
1531654.000000
1534804.000000
1535999.000000
1536513.000000
1535072.000000
1539044.000000
1537132.000000
1538077.000000
1542518.000000
1542167.000000
1542247.000000
1542779.000000
1545607.000000
1541566.000000
1541537.000000
1544907.000000
1537847.000000
1540524.000000
1540836.000000
1542476.000000
1539181.000000
1539057.000000
1538863.000000
1538471.000000
1539019.000000
1539721.000000
1546100.000000
1547284.000000
1549988.000000
1548104.000000
1547488.000000
1552778.000000
1552060.000000
1549284.000000
1552943.000000
1551783.000000
1549200.000000
1553703.000000
1557332.000000
1558289.000000
1553374.000000
1555339.000000
1558093.000000
1558863.000000
1562596.000000
1559284.000000
1555007.000000
1550691.000000
1555450.000000
1554293.000000
1555347.000000
1555978.000000
1552723.000000
1555868.000000
1557298.000000
1555544.000000
1561011.000000
1560936.000000
1562998.000000
1561711.000000
1565323.000000
1560574.000000
1562444.000000
1562731.000000
1558569.000000
1561830.000000
1561655.000000
1563844.000000
1564580.000000
1567207.000000
1567460.000000
1564122.000000
1562175.000000
1565599.000000
1566907.000000
1561655.000000
1564516.000000
1567016.000000
1561375.000000
1562095.000000
1563148.000000
1562633.000000
1559659.000000
1557022.000000
1554975.000000
1555044.000000
1546149.000000
1551109.000000
1554452.000000
1555415.000000
1555883.000000
1555401.000000
1554838.000000
1547217.000000
1549928.000000
1552029.000000
1548226.000000
1550021.000000
1550112.000000
1550710.000000
1549621.000000
1550981.000000
1550876.000000
1551394.000000
1547707.000000
1548755.000000
1546139.000000
1547235.000000
1549489.000000
1552432.000000
1556719.000000
1557675.000000
1557541.000000
1560563.000000
1558482.000000
1556016.000000
1559215.000000
1558426.000000
1557399.000000
1557891.000000
1558998.000000
1562809.000000
1563141.000000
1564995.000000
1567946.000000
1568319.000000
1566019.000000
1559955.000000
1561829.000000
1562706.000000
1568289.000000
1572548.000000
1573788.000000
1575019.000000
1573866.000000
1576346.000000
1583097.000000
1584252.000000
1586431.000000
1589709.000000
1586748.000000
1587976.000000
1588698.000000
1583610.000000
1584853.000000
1585060.000000
1589012.000000
1586396.000000
1589588.000000
1591137.000000
1594317.000000
1586395.000000
1589162.000000
1590048.000000
1586763.000000
1576377.000000
1578228.000000
1577677.000000
1576432.000000
1576970.000000
1577320.000000
1577450.000000
1572020.000000
1571989.000000
1570634.000000
1568999.000000
1567922.000000
1571494.000000
1574591.000000
1569647.000000
1564407.000000
1567023.000000
1569111.000000
1568624.000000
1570168.000000
1566122.000000
1566989.000000
1569151.000000
1568227.000000
1565161.000000
1566967.000000
1563173.000000
1563975.000000
1563542.000000
1566870.000000
1566928.000000
1569053.000000
1570364.000000
1573638.000000
1570905.000000
1570649.000000
1574133.000000
1570626.000000
1565136.000000
1566333.000000
1565529.000000
1567983.000000
1563383.000000
1560002.000000
1561588.000000
1563089.000000
1557978.000000
1553773.000000
1553409.000000
1552516.000000
1551661.000000
1550601.000000
1547246.000000
1547953.000000
1547690.000000
1544434.000000
1544699.000000
1544528.000000
1543683.000000
1535983.000000
1538437.000000
1540588.000000
1541831.000000
1543447.000000
1538327.000000
1536375.000000
1535481.000000
1537345.000000
1538539.000000
1541948.000000
1540226.000000
1519911.000000
1519577.000000
1520751.000000
1518105.000000
1516963.000000
1517843.000000
1521031.000000
1522965.000000
1524533.000000
1526043.000000
1528012.000000
1531404.000000
1533245.000000
1534372.000000
1531710.000000
1533929.000000
1531663.000000
1534073.000000
1534666.000000
1537066.000000
1537691.000000
1539985.000000
1538500.000000
1540886.000000
1541454.000000
1543849.000000
1540428.000000
1540549.000000
1543428.000000
1540246.000000
1537767.000000
1539928.000000
1541218.000000
1539832.000000
1538849.000000
1535248.000000
1537846.000000
1535718.000000
1522058.000000
1520435.000000
1520668.000000
1518946.000000
1516786.000000
1518820.000000
1517645.000000
1514755.000000
1513671.000000
1506504.000000
1510240.000000
1513808.000000
1512816.000000
1515876.000000
1516301.000000
1520383.000000
1525460.000000
1528587.000000
1535314.000000
1537950.000000
1539993.000000
1541220.000000
1541572.000000
1538455.000000
1530607.000000
1530277.000000
1530112.000000
1526653.000000
1527401.000000
1527008.000000
1525937.000000
1519055.000000
1518504.000000
1519804.000000
1515600.000000
1518348.000000
1520590.000000
1519468.000000
1466992.000000
1464997.000000
1464522.000000
1466457.000000
1468533.000000
1467468.000000
1468128.000000
1464298.000000
1464267.000000
1462460.000000
1463490.000000
1463663.000000
1460576.000000
1461640.000000
1459567.000000
1461655.000000
1459773.000000
1453627.000000
1453026.000000
1450485.000000
1451337.000000
1450462.000000
1448350.000000
1439790.000000
1441268.000000
1440085.000000
1439852.000000
1440006.000000
1436869.000000
1432804.000000
1433105.000000
1433482.000000
1430695.000000
1428379.000000
1428356.000000
1428504.000000
1424461.000000
1421786.000000
1421718.000000
1421951.000000
1417771.000000
1415180.000000
1415466.000000
1414928.000000
1411685.000000
1407444.000000
1403502.000000
1402105.000000
1404503.000000
1406049.000000
1406608.000000
1409017.000000
1407308.000000
1401306.000000
1401047.000000
1399636.000000
1400563.000000
1401090.000000
1401869.000000
1401724.000000
1403070.000000
1404033.000000
1406018.000000
1401928.000000
1402871.000000
1403151.000000
1403275.000000
1402096.000000
1400361.000000
1396655.000000
1397288.000000
1398527.000000
1397737.000000
1395696.000000
1394621.000000
1395345.000000
1393564.000000
1387254.000000
1387913.000000
1386864.000000
1385420.000000
1384307.000000
1380025.000000
1380192.000000
1381371.000000
1380249.000000
1381488.000000
1376058.000000
1376417.000000
1380583.000000
1380749.000000
1378534.000000
1372190.000000
1371310.000000
1368334.000000
1368717.000000
1370108.000000
1366617.000000
1367429.000000
1368270.000000
1370181.000000
1366735.000000
1369701.000000
1370491.000000
1364472.000000
1365747.000000
1363884.000000
1357973.000000
1356928.000000
1358102.000000
1349965.000000
1350005.000000
1351422.000000
1351734.000000
1347716.000000
1348467.000000
1343026.000000
1344859.000000
1345737.000000
1342201.000000
1346909.000000
1346340.000000
1344455.000000
1341667.000000
1342088.000000
1346050.000000
1346587.000000
1343483.000000
1341590.000000
1342011.000000
1343173.000000
1341198.000000
1340094.000000
1342623.000000
1341810.000000
1339836.000000
1340358.000000
1338058.000000
1338096.000000
1337447.000000
1339710.000000
1340179.000000
1334147.000000
1331321.000000
1331537.000000
1331359.000000
1332381.000000
1332249.000000
1330795.000000
1331567.000000
1331808.000000
1328351.000000
1330515.000000
1329299.000000
1326602.000000
1322362.000000
1319402.000000
1319312.000000
1320538.000000
1318776.000000
1314917.000000
1311264.000000
1310361.000000
1311663.000000
1309430.000000
1308664.000000
1306097.000000
1302341.000000
1300256.000000
1296454.000000
1296436.000000
1297507.000000
1296121.000000
1294463.000000
1295553.000000
1291654.000000
1286508.000000
1286487.000000
1288378.000000
1286635.000000
1285202.000000
1281245.000000
1281643.000000
1281757.000000
1279829.000000
1279324.000000
1276484.000000
1273151.000000
1273194.000000
1270892.000000
1272281.000000
1272044.000000
1264568.000000
1262342.000000
1261120.000000
1261389.000000
1260306.000000
1257627.000000
1254930.000000
1255159.000000
1256645.000000
1257727.000000
1257895.000000
1258417.000000
1256895.000000
1256809.000000
1251921.000000
1251607.000000
1246171.000000
1246124.000000
1246960.000000
1243708.000000
1243834.000000
1242137.000000
1241360.000000
1233772.000000
1235440.000000
1232885.000000
1229706.000000
1225738.000000
1225795.000000
1226278.000000
1222888.000000
1221670.000000
1220960.000000
1219315.000000
1218355.000000
1213439.000000
1214999.000000
1213314.000000
1212410.000000
1210431.000000
1210232.000000
1205705.000000
1207342.000000
1195706.000000
1195749.000000
1194685.000000
1192318.000000
1189973.000000
1188736.000000
1182953.000000
1184874.000000
1183335.000000
1180527.000000
1178384.000000
1179848.000000
1174043.000000
1168085.000000
1167711.000000
1169996.000000
1167547.000000
1166620.000000
1162501.000000
1156989.000000
1157132.000000
1158968.000000
1157328.000000
1153068.000000
1150699.000000
1150780.000000
1150450.000000
1152431.000000
1147925.000000
1149454.000000
1146383.000000
1142355.000000
1141135.000000
1138696.000000
1135477.000000
1143427.000000
1143403.000000
1144428.000000
1139938.000000
1141312.000000
1139135.000000
1136846.000000
1130112.000000
1131897.000000
1124864.000000
1125013.000000
1125354.000000
1127427.000000
1123019.000000
1122806.000000
1122456.000000
1121958.000000
1110559.000000
1110650.000000
1110330.000000
1111914.000000
1112282.000000
1112587.000000
1112521.000000
1114905.000000
1115445.000000
1117706.000000
1108908.000000
1110620.000000
1111035.000000
1110464.000000
1105609.000000
1106508.000000
1103679.000000
1103415.000000
1102132.000000
1099818.000000
1099887.000000
1100509.000000
1097414.000000
1098513.000000
1093376.000000
1090631.000000
1090694.000000
1091241.000000
1087011.000000
1088686.000000
1087175.000000
1085588.000000
1076758.000000
1078493.000000
1078967.000000
1078988.000000
1073805.000000
1073415.000000
1072339.000000
1072135.000000
1071847.000000
1069258.000000
1063996.000000
1063431.000000
1056394.000000
1056334.000000
1056013.000000
1055999.000000
1050452.000000
1052169.000000
1045165.000000
1047128.000000
1047304.000000
1045169.000000
1039980.000000
1038894.000000
1034412.000000
1036166.000000
1033627.000000
1029604.000000
1029448.000000
1029470.000000
1026645.000000
1024035.000000
1022562.000000
1019283.000000
1019202.000000
1018988.000000
1016383.000000
1009553.000000
1009435.000000
1007130.000000
1001627.000000
999055.000000
996587.000000
993083.000000
991988.000000
989126.000000
988944.000000
988918.000000
985027.000000
982843.000000
981211.000000
980850.000000
977635.000000
974774.000000
974744.000000
976694.000000
974351.000000
974528.000000
970276.000000
967455.000000
965903.000000
967318.000000
965723.000000
965410.000000
961489.000000
956031.000000
955864.000000
958186.000000
955632.000000
952754.000000
952662.000000
952338.000000
941251.000000
941419.000000
939103.000000
937265.000000
935145.000000
935172.000000
934794.000000
936423.000000
936600.000000
938105.000000
931115.000000
930387.000000
930061.000000
927278.000000
927447.000000
924701.000000
919949.000000
921940.000000
917654.000000
918527.000000
918280.000000
919985.000000
919439.000000
918833.000000
919249.000000
921580.000000
921986.000000
924239.000000
924694.000000
926990.000000
927308.000000
922441.000000
922074.000000
923224.000000
921731.000000
920668.000000
915548.000000
913337.000000
905369.000000
904911.000000
901713.000000
900996.000000
901423.000000
903532.000000
903971.000000
906259.000000
906711.000000
909066.000000
909541.000000
911911.000000
910618.000000
909735.000000
904715.000000
904836.000000
902255.000000
901737.000000
881801.000000
882787.000000
883231.000000
885552.000000
885970.000000
888112.000000
886824.000000
882378.000000
882204.000000
881485.000000
881896.000000
884119.000000
884580.000000
886770.000000
884177.000000
886638.000000
887054.000000
889315.000000
885332.000000
884718.000000
885139.000000
887423.000000
887906.000000
890215.000000
890643.000000
887606.000000
884996.000000
883092.000000
877859.000000
879338.000000
876645.000000
878901.000000
879297.000000
881609.000000
882073.000000
884305.000000
884762.000000
876567.000000
876401.000000
878723.000000
873696.000000
868623.000000
862880.000000
857894.000000
852085.000000
846720.000000
841079.000000
837238.000000
820550.000000
822602.000000
822544.000000
824290.000000
824582.000000
826231.000000
809057.000000
809407.000000
809851.000000
812246.000000
812764.000000
815015.000000
815428.000000
817764.000000
818203.000000
820517.000000
819327.000000
815974.000000
813783.000000
809225.000000
805660.000000
805516.000000
805585.000000
807618.000000
808027.000000
810221.000000
810638.000000
806332.000000
804157.000000
800665.000000
799817.000000
798651.000000
793494.000000
794349.000000
784769.000000
784976.000000
785422.000000
787710.000000
788183.000000
790474.000000
790902.000000
793196.000000
793681.000000
789320.000000
787105.000000
786659.000000
787098.000000
789447.000000
778475.000000
778963.000000
777035.000000
777594.000000
770949.000000
765346.000000
763276.000000
762745.000000
762848.000000
764953.000000
765375.000000
767489.000000
767932.000000
775060.000000
770669.000000
772641.000000
772700.000000
774890.000000
774578.000000
761962.000000
761857.000000
763329.000000
760575.000000
762799.000000
763278.000000
765462.000000
765923.000000
768207.000000
768647.000000
770187.000000
766338.000000
768376.000000
768466.000000
770748.000000
770380.000000
772064.000000
771943.000000
765659.000000
763155.000000
764787.000000
763541.000000
765950.000000
766431.000000
768697.000000
769178.000000
771590.000000
772002.000000
774335.000000
771525.000000
772380.000000
770079.000000
772285.000000
772572.000000
774791.000000
774816.000000
769874.000000
768435.000000
769134.000000
766774.000000
763546.000000
762492.000000
764075.000000
762730.000000
765009.000000
765424.000000
767725.000000
768197.000000
770494.000000
767811.000000
768595.000000
768456.000000
770308.000000
769974.000000
771649.000000
771836.000000
771796.000000
772172.000000
774411.000000
774820.000000
777277.000000
777720.000000
778362.000000
778466.000000
780473.000000
780885.000000
783205.000000
782711.000000
780719.000000
780323.000000
782241.000000
782085.000000
784329.000000
770831.000000
772485.000000
772942.000000
775242.000000
775669.000000
778038.000000
778502.000000
780823.000000
781279.000000
783623.000000
780157.000000
781154.000000
780986.000000
779557.000000
779339.000000
765878.000000
765809.000000
768090.000000
763541.000000
765198.000000
765646.000000
767927.000000
758183.000000
760022.000000
760499.000000
762737.000000
763147.000000
765291.000000
758342.000000
760215.000000
760639.000000
752533.000000
752400.000000
754770.000000
755193.000000
757564.000000
742416.000000
744119.000000
744593.000000
746916.000000
739924.000000
741586.000000
742029.000000
744369.000000
744728.000000
734051.000000
730078.000000
731732.000000
732165.000000
734520.000000
734947.000000
737377.000000
737860.000000
740003.000000
740466.000000
742759.000000
743218.000000
733081.000000
732987.000000
735525.000000
The average waiting time  is :  1503600.141250 
