1 , 64 27355.000000
31847.000000
40708.000000
9823.000000
11039.000000
20077.000000
29701.000000
26859.000000
11211.000000
2798.000000
19043.000000
28321.000000
29293.000000
27599.000000
26290.000000
30109.000000
27838.000000
4333.000000
21553.000000
30134.000000
27828.000000
18684.000000
14038.000000
10557.000000
13772.000000
19990.000000
16348.000000
17487.000000
22190.000000
2282.000000
2896.000000
16330.000000
783.000000
830.000000
2811.000000
3791.000000
4071.000000
4269.000000
3456.000000
3091.000000
14717.000000
1755.000000
1984.000000
995.000000
1109.000000
1177.000000
1658.000000
1985.000000
985.000000
492.000000
16411.000000
2516.000000
2998.000000
15297.000000
805.000000
2673.000000
2512.000000
2323.000000
4214.000000
2851.000000
2583.000000
1845.000000
710.000000
930.000000
1330.000000
2273.000000
1891.000000
3867.000000
2992.000000
3223.000000
3040.000000
1641.000000
1057.000000
458.000000
1475.000000
1736.000000
3589.000000
2648.000000
3342.000000
2183.000000
491.000000
1921.000000
1329.000000
578.000000
484.000000
868.000000
354.000000
1310.000000
3387.000000
3771.000000
3700.000000
2044.000000
4628.000000
2891.000000
4176.000000
2532.000000
278.000000
1467.000000
178.000000
653.000000
238.000000
1568.000000
499.000000
1466.000000
3336.000000
2936.000000
3041.000000
3153.000000
3720.000000
2840.000000
3859.000000
2557.000000
3500.000000
2989.000000
2682.000000
3199.000000
2705.000000
3116.000000
2358.000000
3387.000000
2507.000000
3101.000000
3624.000000
2740.000000
6373.000000
7086.000000
1297.000000
749.000000
987.000000
183.000000
237.000000
436.000000
375.000000
1142.000000
716.000000
594.000000
157.000000
1284.000000
3503.000000
3406.000000
3015.000000
3134.000000
3111.000000
2645.000000
3116.000000
2515.000000
3291.000000
2526.000000
3218.000000
4170.000000
2804.000000
3903.000000
2310.000000
322.000000
1442.000000
4115.000000
4621.000000
4502.000000
3832.000000
3227.000000
6669.000000
1551.000000
205.000000
738.000000
1106.000000
389.000000
1204.000000
3504.000000
2718.000000
3351.000000
3224.000000
2552.000000
3456.000000
3398.000000
2516.000000
3868.000000
2419.000000
893.000000
938.000000
346.000000
1265.000000
197.000000
5943.000000
677.000000
1301.000000
336.000000
1599.000000
5033.000000
4216.000000
1256.000000
3131.000000
2506.000000
4563.000000
2520.000000
3977.000000
3173.000000
3265.000000
2812.000000
3520.000000
2440.000000
4802.000000
4000.000000
4252.000000
838.000000
456.000000
1172.000000
544.000000
673.000000
311.000000
353.000000
655.000000
891.000000
911.000000
913.000000
756.000000
993.000000
1207.000000
191.000000
152.000000
196.000000
409.000000
486.000000
1613.000000
3521.000000
2842.000000
2559.000000
3072.000000
741.000000
880.000000
165.000000
1641.000000
1265.000000
3080.000000
2867.000000
2921.000000
3258.000000
3775.000000
3274.000000
2502.000000
3234.000000
3737.000000
2434.000000
3177.000000
2703.000000
6507.000000
3908.000000
3770.000000
547.000000
1260.000000
97.000000
1237.000000
165.000000
1258.000000
3160.000000
3648.000000
1944.000000
3463.000000
2947.000000
3176.000000
2691.000000
3838.000000
2717.000000
4324.000000
2749.000000
159.000000
1249.000000
744.000000
992.000000
2012.000000
1870.000000
1025.000000
296.000000
1130.000000
770.000000
536.000000
160.000000
1139.000000
148.000000
1174.000000
138.000000
2806.000000
3563.000000
1689.000000
652.000000
901.000000
767.000000
615.000000
3017.000000
3442.000000
3667.000000
2808.000000
2934.000000
2782.000000
3457.000000
2753.000000
2908.000000
872.000000
183.000000
1413.000000
1375.000000
1012.000000
136.000000
812.000000
297.000000
1408.000000
3621.000000
2879.000000
229.000000
916.000000
566.000000
1150.000000
809.000000
165.000000
2382.000000
2956.000000
4433.000000
4170.000000
4958.000000
835.000000
220.000000
352.000000
312.000000
2158.000000
2899.000000
2396.000000
402.000000
245.000000
811.000000
294.000000
791.000000
755.000000
362.000000
315.000000
855.000000
390.000000
501.000000
720.000000
240.000000
1070.000000
239.000000
1013.000000
3181.000000
2716.000000
2873.000000
2487.000000
3557.000000
2721.000000
3402.000000
3348.000000
2940.000000
4405.000000
2577.000000
4012.000000
2851.000000
719.000000
1233.000000
429.000000
778.000000
1272.000000
322.000000
825.000000
1014.000000
467.000000
413.000000
951.000000
1404.000000
3321.000000
4197.000000
3001.000000
3239.000000
3520.000000
2674.000000
4372.000000
4036.000000
4300.000000
2675.000000
2027.000000
637.000000
457.000000
323.000000
1445.000000
1335.000000
3311.000000
3161.000000
3001.000000
2756.000000
2992.000000
3244.000000
3617.000000
2819.000000
716.000000
1215.000000
4501.000000
4181.000000
5463.000000
1513.000000
265.000000
249.000000
677.000000
849.000000
1187.000000
3208.000000
3697.000000
2576.000000
4423.000000
3335.000000
3278.000000
2647.000000
4786.000000
4121.000000
4173.000000
165.000000
2248.000000
3167.000000
1753.000000
453.000000
628.000000
1562.000000
1752.000000
752.000000
301.000000
161.000000
228.000000
244.000000
547.000000
742.000000
853.000000
229.000000
904.000000
961.000000
131.000000
1005.000000
2800.000000
2541.000000
3454.000000
2944.000000
3354.000000
2716.000000
3124.000000
2905.000000
3410.000000
3390.000000
2686.000000
3306.000000
2439.000000
3188.000000
3528.000000
2601.000000
2795.000000
4382.000000
3842.000000
4580.000000
783.000000
1439.000000
798.000000
1336.000000
3189.000000
2726.000000
4185.000000
3934.000000
4216.000000
139.000000
1672.000000
1924.000000
282.000000
185.000000
220.000000
727.000000
254.000000
1208.000000
3430.000000
3729.000000
3288.000000
2658.000000
3812.000000
709.000000
709.000000
715.000000
1318.000000
399.000000
2200.000000
2064.000000
3143.000000
2606.000000
3356.000000
2609.000000
2324.000000
3130.000000
2412.000000
2961.000000
3272.000000
3497.000000
2625.000000
3154.000000
2649.000000
119.000000
2606.000000
2556.000000
198.000000
1240.000000
4513.000000
1278.000000
3299.000000
2458.000000
3393.000000
4320.000000
4196.000000
5736.000000
1951.000000
671.000000
1259.000000
3181.000000
2737.000000
4895.000000
5785.000000
6103.000000
6615.000000
5490.000000
1789.000000
816.000000
433.000000
437.000000
956.000000
1138.000000
174.000000
2487.000000
1934.000000
1251.000000
218.000000
623.000000
1381.000000
704.000000
1304.000000
471.000000
253.000000
2544.000000
3548.000000
3301.000000
2302.000000
904.000000
744.000000
288.000000
1931.000000
2893.000000
2674.000000
1591.000000
4039.000000
4940.000000
5172.000000
6548.000000
3157.000000
3118.000000
3780.000000
2921.000000
3480.000000
3678.000000
2619.000000
3281.000000
2659.000000
2877.000000
775.000000
3170.000000
2680.000000
3394.000000
3837.000000
5075.000000
5430.000000
5529.000000
4226.000000
3870.000000
820.000000
1371.000000
1291.000000
175.000000
475.000000
1014.000000
216.000000
1432.000000
743.000000
284.000000
1016.000000
3199.000000
2633.000000
138.000000
1439.000000
1402.000000
208.000000
1141.000000
3274.000000
2819.000000
3002.000000
2582.000000
3738.000000
2687.000000
3176.000000
2666.000000
3393.000000
2452.000000
3348.000000
1765.000000
460.000000
327.000000
868.000000
577.000000
854.000000
434.000000
718.000000
433.000000
1127.000000
863.000000
593.000000
201.000000
1461.000000
191.000000
1332.000000
4097.000000
2749.000000
2501.000000
816.000000
1683.000000
3381.000000
3217.000000
3588.000000
3289.000000
3969.000000
1823.000000
146.000000
801.000000
1186.000000
3756.000000
2543.000000
3124.000000
2643.000000
2997.000000
2959.000000
3348.000000
2552.000000
3574.000000
2851.000000
3121.000000
2460.000000
3240.000000
2968.000000
2482.000000
3507.000000
2667.000000
3156.000000
2694.000000
621.000000
1114.000000
123.000000
1006.000000
1266.000000
243.000000
1084.000000
4400.000000
4008.000000
4124.000000
3095.000000
2605.000000
4102.000000
4338.000000
4341.000000
2392.000000
441.000000
479.000000
766.000000
1689.000000
1594.000000
735.000000
696.000000
337.000000
914.000000
185.000000
1232.000000
686.000000
1268.000000
181.000000
762.000000
492.000000
2520.000000
3167.000000
3315.000000
2884.000000
3344.000000
2674.000000
3206.000000
2517.000000
3375.000000
4761.000000
4074.000000
1040.000000
477.000000
240.000000
1245.000000
454.000000
1072.000000
3148.000000
3778.000000
3214.000000
2820.000000
3068.000000
2661.000000
3135.000000
2523.000000
3230.000000
3479.000000
4029.000000
1969.000000
3465.000000
3169.000000
3161.000000
2689.000000
3236.000000
2503.000000
3788.000000
1720.000000
383.000000
632.000000
631.000000
2451.000000
1332.000000
2793.000000
3459.000000
2116.000000
792.000000
1260.000000
328.000000
2161.000000
2852.000000
3177.000000
3241.000000
2936.000000
2801.000000
3413.000000
2417.000000
4174.000000
3321.000000
2981.000000
3024.000000
3093.000000
4502.000000
5198.000000
5624.000000
3977.000000
2931.000000
1898.000000
200.000000
706.000000
1531.000000
3039.000000
2647.000000
4857.000000
4277.000000
1260.000000
119.000000
1298.000000
191.000000
941.000000
406.000000
737.000000
855.000000
1622.000000
1571.000000
1760.000000
1696.000000
2663.000000
1549.000000
1220.000000
2157.000000
3093.000000
212.000000
1034.000000
712.000000
1328.000000
247.000000
1147.000000
3121.000000
2617.000000
3094.000000
2877.000000
3011.000000
3260.000000
3640.000000
2744.000000
3535.000000
2756.000000
2468.000000
2860.000000
746.000000
1333.000000
3267.000000
2656.000000
3309.000000
3229.000000
3341.000000
3237.000000
1853.000000
766.000000
2687.000000
2690.000000
3910.000000
3306.000000
2642.000000
2498.000000
4621.000000
4134.000000
4987.000000
2910.000000
3027.000000
3533.000000
2789.000000
3170.000000
2610.000000
3073.000000
2584.000000
3172.000000
2537.000000
4490.000000
820.000000
1706.000000
3155.000000
3870.000000
3022.000000
2494.000000
640.000000
2101.000000
2121.000000
1335.000000
779.000000
717.000000
1605.000000
2987.000000
2666.000000
3049.000000
2794.000000
3357.000000
2590.000000
2555.000000
587.000000
1491.000000
3030.000000
2599.000000
3267.000000
2607.000000
2497.000000
507.000000
804.000000
1156.000000
3181.000000
2581.000000
2850.000000
2549.000000
4474.000000
4527.000000
4204.000000
3212.000000
1235.000000
745.000000
1516.000000
1233.000000
3152.000000
3882.000000
3097.000000
2661.000000
4395.000000
4363.000000
4383.000000
3477.000000
3806.000000
1737.000000
3096.000000
2564.000000
2949.000000
3324.000000
3677.000000
2596.000000
3842.000000
18433.000000
17920.000000
4891.000000
734.000000
204.000000
1521.000000
1141.000000
1591.000000
3513.000000
2821.000000
552.000000
1301.000000
3223.000000
3433.000000
894.000000
1478.000000
271.000000
879.000000
187.000000
748.000000
481.000000
1609.000000
421.000000
1210.000000
3414.000000
2759.000000
4432.000000
4899.000000
4121.000000
2783.000000
3233.000000
3161.000000
3454.000000
3716.000000
3892.000000
2947.000000
3502.000000
2709.000000
5108.000000
3861.000000
3187.000000
1361.000000
458.000000
647.000000
412.000000
1188.000000
409.000000
796.000000
237.000000
975.000000
1453.000000
4351.000000
3536.000000
3371.000000
3143.000000
3921.000000
2706.000000
3388.000000
2784.000000
537.000000
1337.000000
3920.000000
3009.000000
3502.000000
3002.000000
3314.000000
2679.000000
3645.000000
2298.000000
942.000000
1391.000000
534.000000
179.000000
888.000000
709.000000
413.000000
1799.000000
1809.000000
1463.000000
3919.000000
3029.000000
3116.000000
3190.000000
3441.000000
2687.000000
3826.000000
3364.000000
2919.000000
3510.000000
2912.000000
707.000000
2459.000000
3510.000000
2986.000000
1075.000000
948.000000
434.000000
914.000000
194.000000
1453.000000
363.000000
1129.000000
3118.000000
3466.000000
3918.000000
3107.000000
3129.000000
3383.000000
3783.000000
2796.000000
3325.000000
4314.000000
3399.000000
2813.000000
3712.000000
2818.000000
2316.000000
4262.000000
3130.000000
5822.000000
5612.000000
4996.000000
The average waiting time  is :  2906.568000 
