1 , 2 32448.000000
66011.000000
80924.000000
83330.000000
85210.000000
109709.000000
114028.000000
119526.000000
122641.000000
125080.000000
127444.000000
129518.000000
131720.000000
145456.000000
157886.000000
168892.000000
145569.000000
155514.000000
157416.000000
159225.000000
161101.000000
163746.000000
175916.000000
182938.000000
189234.000000
200647.000000
211889.000000
215695.000000
224969.000000
234908.000000
236782.000000
221048.000000
223065.000000
234156.000000
247413.000000
249712.000000
256496.000000
260394.000000
270716.000000
272771.000000
279921.000000
286814.000000
296371.000000
309127.000000
311477.000000
314331.000000
318732.000000
336900.000000
339888.000000
346269.000000
349266.000000
364151.000000
368579.000000
374814.000000
391796.000000
401721.000000
405544.000000
416428.000000
418589.000000
425458.000000
431495.000000
388803.000000
390971.000000
395620.000000
399917.000000
411565.000000
413640.000000
417984.000000
420772.000000
424896.000000
377036.000000
325224.000000
230589.000000
223864.000000
198314.000000
199251.000000
204925.000000
209702.000000
223252.000000
226168.000000
232365.000000
237332.000000
252849.000000
256861.000000
262730.000000
265794.000000
281115.000000
287009.000000
289099.000000
301139.000000
303435.000000
289019.000000
293005.000000
297840.000000
303374.000000
308134.000000
312341.000000
324430.000000
326309.000000
334483.000000
336335.000000
344754.000000
348702.000000
355050.000000
368386.000000
371951.000000
376156.000000
380900.000000
374202.000000
374628.000000
381542.000000
385620.000000
396152.000000
398279.000000
401863.000000
404574.000000
417772.000000
420728.000000
425352.000000
398015.000000
317914.000000
322055.000000
358285.000000
348455.000000
356492.000000
358681.000000
362935.000000
366142.000000
371725.000000
383202.000000
385248.000000
394255.000000
409888.000000
419838.000000
426479.000000
432485.000000
436238.000000
440653.000000
442483.000000
463514.000000
454775.000000
462840.000000
464666.000000
473102.000000
477783.000000
485030.000000
499305.000000
503736.000000
510737.000000
526686.000000
530117.000000
536229.000000
540424.000000
545160.000000
547213.000000
558717.000000
560677.000000
564654.000000
547080.000000
548657.000000
561763.000000
566433.000000
593699.000000
607545.000000
623708.000000
634340.000000
647863.000000
651802.000000
656681.000000
660660.000000
672804.000000
674940.000000
678715.000000
675191.000000
648705.000000
605345.000000
606464.000000
595441.000000
597106.000000
607212.000000
609367.000000
616130.000000
619870.000000
630339.000000
631581.000000
638778.000000
654599.000000
595449.000000
600242.000000
605206.000000
611097.000000
615508.000000
628763.000000
631621.000000
636832.000000
654313.000000
644268.000000
643900.000000
645636.000000
649114.000000
654898.000000
657396.000000
673835.000000
678173.000000
680009.000000
682169.000000
686718.000000
692926.000000
709801.000000
720286.000000
724461.000000
734660.000000
717164.000000
721870.000000
704760.000000
715231.000000
717260.000000
723955.000000
727812.000000
737463.000000
739607.000000
734444.000000
737372.000000
693106.000000
701968.000000
704109.000000
710561.000000
716958.000000
722024.000000
727789.000000
732206.000000
736149.000000
746969.000000
731045.000000
709422.000000
715024.000000
716895.000000
718729.000000
726337.000000
728222.000000
732697.000000
736649.000000
740563.000000
746798.000000
750956.000000
737407.000000
718504.000000
727910.000000
729908.000000
717848.000000
731247.000000
742257.000000
754818.000000
759665.000000
764731.000000
777022.000000
779269.000000
786449.000000
799875.000000
803524.000000
807934.000000
823535.000000
827352.000000
833573.000000
830691.000000
838724.000000
845171.000000
851315.000000
855608.000000
860022.000000
863981.000000
867580.000000
873634.000000
889504.000000
900739.000000
907363.000000
912363.000000
917755.000000
900652.000000
807293.000000
816925.000000
819106.000000
826052.000000
832335.000000
838270.000000
842374.000000
846825.000000
850452.000000
862492.000000
864518.000000
847862.000000
849048.000000
853977.000000
920300.000000
922547.000000
924660.000000
936816.000000
938223.000000
940074.000000
821301.000000
821026.000000
822661.000000
824706.000000
826739.000000
828512.000000
829512.000000
831454.000000
833368.000000
817191.000000
795565.000000
795392.000000
797348.000000
799077.000000
800893.000000
802684.000000
804469.000000
806390.000000
808289.000000
810160.000000
811772.000000
813570.000000
815346.000000
817244.000000
803321.000000
807129.000000
829113.000000
832428.000000
840713.000000
842746.000000
854568.000000
857347.000000
862191.000000
874387.000000
878130.000000
881733.000000
886292.000000
893194.000000
866258.000000
868440.000000
871889.000000
882478.000000
885838.000000
890146.000000
894538.000000
904297.000000
905684.000000
913916.000000
913169.000000
892045.000000
892159.000000
902722.000000
912246.000000
914192.000000
925379.000000
934182.000000
936209.000000
946948.000000
860454.000000
860598.000000
868745.000000
870726.000000
874508.000000
878157.000000
888456.000000
891204.000000
895554.000000
870406.000000
814834.000000
790935.000000
762586.000000
764103.000000
812543.000000
818094.000000
821395.000000
823522.000000
837342.000000
772264.000000
774661.000000
786275.000000
789861.000000
794230.000000
808083.000000
811931.000000
815276.000000
825812.000000
814919.000000
816974.000000
828257.000000
832069.000000
836432.000000
849448.000000
858971.000000
860821.000000
871530.000000
880912.000000
883237.000000
891123.000000
893147.000000
878477.000000
880741.000000
890341.000000
894019.000000
898497.000000
911856.000000
915701.000000
920450.000000
929838.000000
933512.000000
937069.000000
950937.000000
960728.000000
944379.000000
915737.000000
923671.000000
925740.000000
936062.000000
939892.000000
944671.000000
954582.000000
957453.000000
961942.000000
954027.000000
908505.000000
666786.000000
669018.000000
679540.000000
681512.000000
690023.000000
692159.000000
683909.000000
684033.000000
687816.000000
691679.000000
701923.000000
705468.000000
709942.000000
711948.000000
726720.000000
730504.000000
735005.000000
748515.000000
758148.000000
760369.000000
728759.000000
728829.000000
732693.000000
736587.000000
746561.000000
750198.000000
754693.000000
768211.000000
777562.000000
779606.000000
790046.000000
799117.000000
747906.000000
755916.000000
760144.000000
764559.000000
777296.000000
786894.000000
788633.000000
778327.000000
778594.000000
782335.000000
786221.000000
799174.000000
808611.000000
810561.000000
820892.000000
811311.000000
811191.000000
822437.000000
831806.000000
833781.000000
842259.000000
845824.000000
812213.000000
823837.000000
832917.000000
835080.000000
845221.000000
849030.000000
853542.000000
865606.000000
875226.000000
877145.000000
888223.000000
897604.000000
861253.000000
869770.000000
879174.000000
881463.000000
889760.000000
891789.000000
895673.000000
899549.000000
911840.000000
921082.000000
923162.000000
933712.000000
927817.000000
929997.000000
940672.000000
950103.000000
952117.000000
960313.000000
963998.000000
968464.000000
981402.000000
985349.000000
989670.000000
1001572.000000
1011034.000000
1013185.000000
1021825.000000
1025527.000000
1030309.000000
1041202.000000
1044763.000000
1049308.000000
1062860.000000
1072444.000000
1074848.000000
1083278.000000
1085606.000000
1093820.000000
1095851.000000
1103903.000000
1105938.000000
1114569.000000
1116892.000000
1125340.000000
1127519.000000
1135945.000000
1138293.000000
1146686.000000
1148916.000000
1152785.000000
1156871.000000
1169755.000000
1179371.000000
1181587.000000
1189791.000000
1191869.000000
1195954.000000
1199720.000000
1212967.000000
1222627.000000
1224885.000000
1233129.000000
1235280.000000
1239244.000000
1243373.000000
1253616.000000
1257310.000000
1261622.000000
1251113.000000
1251470.000000
1262490.000000
1264567.000000
1268614.000000
1278640.000000
1280688.000000
1284611.000000
1294842.000000
1297180.000000
1300951.000000
1310937.000000
1313205.000000
1323894.000000
1326244.000000
1336842.000000
1323086.000000
1331274.000000
1333664.000000
1344253.000000
1346424.000000
1357021.000000
1359298.000000
1369657.000000
1430034.000000
1432922.000000
1435175.000000
1437311.000000
1424834.000000
1425175.000000
1427255.000000
1429419.000000
1431507.000000
1433697.000000
1435935.000000
1437924.000000
1440091.000000
1442018.000000
1444025.000000
1446332.000000
1431688.000000
1431791.000000
1436000.000000
1453711.000000
1455768.000000
1467647.000000
1469744.000000
1471924.000000
1473935.000000
1485191.000000
1472685.000000
1473057.000000
1475029.000000
1485870.000000
1487913.000000
1489920.000000
1491967.000000
1497475.000000
1519931.000000
1532837.000000
1535602.000000
1545348.000000
1533332.000000
1535530.000000
1546224.000000
1548599.000000
1559261.000000
1561376.000000
1563421.000000
1565685.000000
1576433.000000
1578481.000000
1580492.000000
1582367.000000
1573589.000000
1573774.000000
1578033.000000
1589108.000000
1591474.000000
1560835.000000
1561424.000000
1571799.000000
1573994.000000
1578244.000000
1573916.000000
1574191.000000
1584968.000000
1587232.000000
1597897.000000
1600075.000000
1603894.000000
1614864.000000
1617618.000000
1627897.000000
1630190.000000
1634248.000000
1643572.000000
1630104.000000
1637658.000000
1639857.000000
1649365.000000
1651500.000000
1655504.000000
1665971.000000
1668226.000000
1678630.000000
1680735.000000
1676430.000000
1676481.000000
1686996.000000
1689388.000000
1699036.000000
1701494.000000
1710720.000000
1712909.000000
1722863.000000
1725204.000000
1735307.000000
1737347.000000
1728241.000000
1728595.000000
1738093.000000
1740307.000000
1744314.000000
1754235.000000
1756667.000000
1746078.000000
1746207.000000
1755787.000000
1758168.000000
1767619.000000
1769726.000000
1762848.000000
1763114.000000
1773005.000000
1775199.000000
1785510.000000
1787571.000000
1791573.000000
1801849.000000
1804042.000000
1813349.000000
1815719.000000
1811072.000000
1811343.000000
1821493.000000
1823649.000000
1833353.000000
1835966.000000
1845586.000000
1847831.000000
1857375.000000
1859599.000000
1869896.000000
1809993.000000
1811885.000000
1822181.000000
1824264.000000
1834593.000000
1836851.000000
1846640.000000
1848670.000000
1858623.000000
1860887.000000
1865057.000000
1858437.000000
1858837.000000
1868597.000000
1870899.000000
1881710.000000
1883824.000000
1887840.000000
1898074.000000
1900326.000000
1909665.000000
1911790.000000
1922177.000000
1924442.000000
1934196.000000
1936364.000000
1946328.000000
1948351.000000
1941745.000000
1941927.000000
1952052.000000
1954100.000000
1963872.000000
1965856.000000
1976226.000000
1978455.000000
1989713.000000
1992182.000000
2001268.000000
2003408.000000
2013716.000000
1976830.000000
1984776.000000
1986872.000000
1996862.000000
1998938.000000
2009229.000000
2011219.000000
2021070.000000
2023041.000000
2033503.000000
2035625.000000
2030661.000000
2030820.000000
2034972.000000
2063210.000000
2067839.000000
2084183.000000
2095295.000000
2097467.000000
2107143.000000
2109276.000000
2118736.000000
2101575.000000
2109792.000000
2111977.000000
2122529.000000
2125345.000000
2115916.000000
2116347.000000
2120504.000000
2130166.000000
2132365.000000
2127328.000000
2127520.000000
2137021.000000
2139247.000000
2150039.000000
2152285.000000
2162671.000000
2164807.000000
2175658.000000
2180144.000000
2189139.000000
2190884.000000
2162905.000000
2163387.000000
2167317.000000
2177454.000000
2179689.000000
2183661.000000
2193802.000000
2196105.000000
2206338.000000
2208421.000000
2212239.000000
2222381.000000
2224870.000000
2233390.000000
2217000.000000
2225198.000000
2228004.000000
2237618.000000
2240529.000000
2231145.000000
2231851.000000
2241259.000000
2243733.000000
2254116.000000
2256368.000000
2260258.000000
2250840.000000
2251115.000000
2261050.000000
2263481.000000
2272733.000000
2274863.000000
2270051.000000
2270205.000000
2279792.000000
2282126.000000
2291701.000000
2294063.000000
2303826.000000
2306181.000000
2315804.000000
2318061.000000
2327043.000000
2310797.000000
2319073.000000
2321325.000000
2330642.000000
2332912.000000
2342471.000000
2328669.000000
2336077.000000
2338438.000000
2342582.000000
2352430.000000
2354523.000000
2365294.000000
2368109.000000
2378038.000000
2437832.000000
2421713.000000
2429281.000000
2431527.000000
2441724.000000
2443854.000000
2448031.000000
2457846.000000
2441438.000000
2443498.000000
2453367.000000
2455701.000000
2459541.000000
2469443.000000
2434271.000000
2441671.000000
2444062.000000
2454193.000000
2456459.000000
2460372.000000
2470154.000000
2472597.000000
2483009.000000
2485188.000000
2489330.000000
2498539.000000
2500689.000000
2510168.000000
2512377.000000
2503389.000000
2503689.000000
2512996.000000
2515339.000000
2525623.000000
2527889.000000
2537320.000000
2520725.000000
2522777.000000
2532356.000000
2534486.000000
2539013.000000
2548084.000000
2550203.000000
2535449.000000
2542998.000000
2545424.000000
2556352.000000
2558830.000000
2569044.000000
2556622.000000
2564702.000000
2567053.000000
2576620.000000
2578702.000000
2588872.000000
2591187.000000
2600205.000000
2602285.000000
2612502.000000
2598954.000000
2606997.000000
2609030.000000
2619140.000000
2621225.000000
2630710.000000
2632940.000000
2637481.000000
2647706.000000
2649523.000000
2641600.000000
2641742.000000
2652329.000000
2654486.000000
2664600.000000
2666627.000000
2670654.000000
2665590.000000
2665448.000000
2675655.000000
2677806.000000
2688035.000000
2690271.000000
2699996.000000
2702744.000000
2712123.000000
2714258.000000
2723811.000000
2711747.000000
2718893.000000
2721195.000000
2730621.000000
2732697.000000
2734724.000000
2736961.000000
2739288.000000
2743787.000000
2753307.000000
2755515.000000
2658647.000000
2659086.000000
2669316.000000
2671631.000000
2681995.000000
2684041.000000
2688046.000000
2698166.000000
2700422.000000
2709713.000000
2711964.000000
2721395.000000
2723530.000000
2733039.000000
2696537.000000
2703828.000000
2706015.000000
2715598.000000
2717937.000000
2727084.000000
2729260.000000
2738778.000000
2741104.000000
2750314.000000
2752557.000000
2762509.000000
2764786.000000
2774932.000000
2738075.000000
2745295.000000
2747508.000000
2758343.000000
2760691.000000
2770831.000000
2773135.000000
2783616.000000
2785866.000000
2796178.000000
2798363.000000
2808832.000000
2796533.000000
2803670.000000
2805785.000000
2815330.000000
2817490.000000
2828057.000000
2830339.000000
2840901.000000
The average waiting time  is :  1312765.960000 
