2 , 64 18021.000000
34081.000000
64518.000000
42733.000000
27627.000000
3955.000000
4016.000000
2565.000000
817.000000
6939.000000
3397.000000
6593.000000
1659.000000
865.000000
815.000000
3135.000000
3710.000000
4870.000000
3971.000000
4320.000000
1223.000000
3986.000000
5449.000000
3580.000000
220.000000
213.000000
2252.000000
2897.000000
14337.000000
292.000000
1719.000000
2301.000000
1230.000000
2920.000000
3615.000000
2621.000000
1852.000000
1142.000000
2281.000000
2008.000000
1163.000000
1545.000000
759.000000
188.000000
765.000000
393.000000
1855.000000
241.000000
189.000000
1876.000000
2558.000000
1727.000000
1026.000000
514.000000
823.000000
1135.000000
927.000000
911.000000
830.000000
735.000000
1565.000000
5197.000000
3753.000000
3462.000000
3238.000000
429.000000
1428.000000
4120.000000
4880.000000
4472.000000
5554.000000
5437.000000
1940.000000
374.000000
199.000000
771.000000
168.000000
178.000000
1137.000000
853.000000
1053.000000
1500.000000
1154.000000
2951.000000
2092.000000
2820.000000
708.000000
669.000000
615.000000
858.000000
1578.000000
810.000000
1200.000000
2170.000000
257.000000
631.000000
973.000000
773.000000
4889.000000
6360.000000
5739.000000
6939.000000
7425.000000
6642.000000
5286.000000
839.000000
3899.000000
3961.000000
4558.000000
4962.000000
3564.000000
1150.000000
708.000000
1321.000000
2424.000000
1111.000000
880.000000
472.000000
3439.000000
3377.000000
4002.000000
1782.000000
2416.000000
841.000000
540.000000
768.000000
2033.000000
2872.000000
1643.000000
667.000000
1155.000000
1021.000000
2133.000000
2317.000000
2531.000000
1016.000000
1367.000000
1657.000000
1692.000000
1105.000000
1536.000000
846.000000
775.000000
1442.000000
2572.000000
3226.000000
4034.000000
3976.000000
607.000000
1109.000000
1232.000000
507.000000
2657.000000
2683.000000
327.000000
919.000000
1525.000000
2271.000000
317.000000
188.000000
231.000000
252.000000
1137.000000
1359.000000
510.000000
1194.000000
308.000000
396.000000
739.000000
1717.000000
1372.000000
1665.000000
766.000000
200.000000
256.000000
877.000000
255.000000
820.000000
1500.000000
1722.000000
478.000000
578.000000
6520.000000
1034.000000
181.000000
172.000000
747.000000
1455.000000
1333.000000
1795.000000
469.000000
666.000000
1237.000000
314.000000
1322.000000
798.000000
3255.000000
2521.000000
752.000000
683.000000
824.000000
843.000000
754.000000
897.000000
2099.000000
2201.000000
896.000000
1360.000000
1217.000000
1914.000000
1110.000000
249.000000
389.000000
1814.000000
2101.000000
659.000000
735.000000
1044.000000
577.000000
2121.000000
2439.000000
2012.000000
2374.000000
1503.000000
736.000000
150.000000
348.000000
2047.000000
2743.000000
1271.000000
3896.000000
2336.000000
3532.000000
2128.000000
474.000000
387.000000
393.000000
277.000000
788.000000
388.000000
1334.000000
1979.000000
591.000000
211.000000
5503.000000
898.000000
158.000000
474.000000
365.000000
347.000000
210.000000
440.000000
774.000000
1512.000000
2110.000000
254.000000
1839.000000
394.000000
346.000000
3336.000000
3760.000000
3984.000000
2885.000000
3857.000000
2487.000000
3972.000000
2534.000000
1461.000000
5249.000000
3680.000000
4438.000000
3338.000000
1704.000000
349.000000
1955.000000
2707.000000
322.000000
923.000000
1168.000000
591.000000
995.000000
595.000000
1006.000000
2161.000000
3075.000000
704.000000
1500.000000
1327.000000
872.000000
2007.000000
1858.000000
4333.000000
2431.000000
1791.000000
387.000000
914.000000
634.000000
1115.000000
2183.000000
530.000000
849.000000
385.000000
1062.000000
2658.000000
3144.000000
3805.000000
2787.000000
826.000000
583.000000
1029.000000
175.000000
1008.000000
811.000000
480.000000
628.000000
754.000000
1635.000000
2573.000000
2629.000000
1671.000000
1117.000000
1182.000000
1911.000000
504.000000
1531.000000
648.000000
429.000000
979.000000
1613.000000
1703.000000
671.000000
1447.000000
1279.000000
2379.000000
1175.000000
428.000000
750.000000
930.000000
1153.000000
200.000000
838.000000
1256.000000
3276.000000
3801.000000
4446.000000
4205.000000
712.000000
1349.000000
2202.000000
964.000000
454.000000
213.000000
3394.000000
2148.000000
1439.000000
1549.000000
684.000000
1924.000000
258.000000
1558.000000
746.000000
2725.000000
997.000000
831.000000
1532.000000
2679.000000
294.000000
615.000000
738.000000
565.000000
690.000000
947.000000
517.000000
1226.000000
1169.000000
1211.000000
353.000000
1598.000000
1604.000000
1158.000000
3184.000000
2390.000000
3814.000000
3008.000000
3613.000000
466.000000
1017.000000
1442.000000
1931.000000
5000.000000
5747.000000
5615.000000
6110.000000
534.000000
1335.000000
2179.000000
755.000000
1487.000000
3577.000000
3303.000000
4100.000000
2050.000000
2165.000000
1084.000000
392.000000
496.000000
1317.000000
415.000000
291.000000
129.000000
657.000000
1157.000000
191.000000
758.000000
567.000000
949.000000
1330.000000
503.000000
761.000000
704.000000
1353.000000
1165.000000
582.000000
1144.000000
1847.000000
3718.000000
2722.000000
3399.000000
658.000000
228.000000
696.000000
583.000000
2012.000000
1530.000000
1110.000000
637.000000
846.000000
465.000000
760.000000
411.000000
1481.000000
3009.000000
550.000000
1725.000000
2820.000000
2221.000000
3677.000000
1768.000000
2035.000000
282.000000
450.000000
1365.000000
1842.000000
3493.000000
2202.000000
3306.000000
2838.000000
3347.000000
859.000000
820.000000
1442.000000
1237.000000
2438.000000
1673.000000
887.000000
1922.000000
1161.000000
2452.000000
1850.000000
1754.000000
472.000000
1071.000000
615.000000
142.000000
311.000000
1327.000000
1891.000000
462.000000
406.000000
975.000000
1361.000000
682.000000
3305.000000
3379.000000
4033.000000
800.000000
547.000000
239.000000
1083.000000
3664.000000
2289.000000
3448.000000
1978.000000
630.000000
245.000000
579.000000
1189.000000
1945.000000
344.000000
768.000000
2888.000000
879.000000
279.000000
959.000000
1025.000000
742.000000
2710.000000
4755.000000
5192.000000
4301.000000
4814.000000
4248.000000
137.000000
1267.000000
3811.000000
2557.000000
2453.000000
326.000000
557.000000
1093.000000
2050.000000
860.000000
1562.000000
2017.000000
180.000000
649.000000
742.000000
1459.000000
2675.000000
649.000000
2093.000000
2887.000000
1676.000000
557.000000
1245.000000
446.000000
810.000000
1273.000000
1255.000000
350.000000
822.000000
495.000000
974.000000
510.000000
1363.000000
1389.000000
3873.000000
3480.000000
4985.000000
5361.000000
3667.000000
2480.000000
707.000000
523.000000
1787.000000
2734.000000
936.000000
935.000000
905.000000
198.000000
958.000000
203.000000
447.000000
274.000000
247.000000
760.000000
2038.000000
1116.000000
1385.000000
929.000000
528.000000
1669.000000
2274.000000
1093.000000
178.000000
1004.000000
377.000000
335.000000
284.000000
1412.000000
528.000000
1102.000000
2035.000000
415.000000
201.000000
201.000000
823.000000
1364.000000
4184.000000
3496.000000
3047.000000
4031.000000
291.000000
422.000000
206.000000
380.000000
584.000000
382.000000
1722.000000
1734.000000
3239.000000
3690.000000
5914.000000
5796.000000
6618.000000
6620.000000
7311.000000
6697.000000
76.000000
376.000000
2733.000000
4560.000000
5971.000000
4583.000000
414.000000
943.000000
1595.000000
880.000000
174.000000
512.000000
736.000000
409.000000
1406.000000
274.000000
2118.000000
2969.000000
1321.000000
359.000000
1954.000000
2967.000000
2040.000000
3316.000000
2252.000000
528.000000
496.000000
1251.000000
732.000000
1949.000000
1644.000000
1028.000000
262.000000
755.000000
281.000000
2605.000000
5293.000000
4339.000000
5366.000000
5410.000000
2054.000000
519.000000
465.000000
438.000000
2345.000000
2362.000000
1456.000000
3775.000000
3959.000000
5900.000000
12261.000000
11973.000000
4278.000000
3349.000000
4096.000000
4062.000000
1664.000000
806.000000
478.000000
1061.000000
551.000000
273.000000
411.000000
391.000000
579.000000
451.000000
602.000000
1271.000000
2695.000000
1389.000000
296.000000
1942.000000
1273.000000
1346.000000
1955.000000
2229.000000
2254.000000
1404.000000
2617.000000
3347.000000
339.000000
407.000000
1436.000000
911.000000
836.000000
1563.000000
4165.000000
2291.000000
2521.000000
1935.000000
1361.000000
998.000000
451.000000
126.000000
263.000000
405.000000
519.000000
957.000000
710.000000
807.000000
1448.000000
3159.000000
4204.000000
5269.000000
4727.000000
5587.000000
3975.000000
1805.000000
326.000000
822.000000
451.000000
176.000000
2543.000000
2080.000000
1167.000000
437.000000
457.000000
832.000000
1050.000000
561.000000
977.000000
1706.000000
842.000000
380.000000
757.000000
326.000000
204.000000
1446.000000
2708.000000
1534.000000
663.000000
1475.000000
1936.000000
283.000000
1241.000000
1282.000000
1965.000000
1608.000000
155.000000
1013.000000
1329.000000
992.000000
644.000000
289.000000
741.000000
420.000000
418.000000
116.000000
525.000000
739.000000
1134.000000
975.000000
1951.000000
2574.000000
1019.000000
1113.000000
1595.000000
2225.000000
1247.000000
352.000000
1458.000000
2130.000000
674.000000
198.000000
896.000000
645.000000
678.000000
730.000000
1248.000000
1328.000000
2822.000000
3041.000000
4353.000000
3778.000000
3311.000000
430.000000
287.000000
426.000000
399.000000
139.000000
255.000000
176.000000
200.000000
414.000000
481.000000
236.000000
224.000000
117.000000
212.000000
373.000000
195.000000
811.000000
1165.000000
250.000000
410.000000
589.000000
1774.000000
1294.000000
1323.000000
1352.000000
3755.000000
2848.000000
3016.000000
1633.000000
1774.000000
773.000000
1344.000000
818.000000
743.000000
874.000000
768.000000
545.000000
396.000000
1643.000000
455.000000
276.000000
934.000000
306.000000
581.000000
918.000000
1378.000000
1364.000000
2613.000000
2530.000000
2010.000000
493.000000
200.000000
247.000000
236.000000
274.000000
256.000000
738.000000
614.000000
165.000000
434.000000
756.000000
607.000000
362.000000
608.000000
119.000000
1483.000000
246.000000
271.000000
1143.000000
1677.000000
2319.000000
1379.000000
1863.000000
674.000000
998.000000
180.000000
678.000000
481.000000
893.000000
653.000000
1882.000000
3287.000000
2868.000000
3390.000000
2883.000000
834.000000
1141.000000
3689.000000
3739.000000
3809.000000
4516.000000
3311.000000
2545.000000
2738.000000
3931.000000
1702.000000
563.000000
794.000000
1596.000000
252.000000
494.000000
774.000000
463.000000
1800.000000
3410.000000
3589.000000
3227.000000
3916.000000
2612.000000
3885.000000
3256.000000
2004.000000
394.000000
1254.000000
1754.000000
1845.000000
2353.000000
1048.000000
189.000000
272.000000
1915.000000
2474.000000
700.000000
1381.000000
1593.000000
527.000000
1851.000000
2718.000000
1135.000000
1391.000000
212.000000
856.000000
1218.000000
315.000000
1220.000000
652.000000
789.000000
1080.000000
2485.000000
354.000000
443.000000
283.000000
1049.000000
1842.000000
251.000000
235.000000
1249.000000
831.000000
547.000000
199.000000
1328.000000
704.000000
2033.000000
2595.000000
523.000000
1177.000000
389.000000
264.000000
618.000000
1240.000000
2328.000000
183.000000
260.000000
298.000000
463.000000
1236.000000
316.000000
741.000000
1069.000000
698.000000
811.000000
1435.000000
2840.000000
1681.000000
876.000000
208.000000
684.000000
947.000000
555.000000
894.000000
581.000000
294.000000
183.000000
328.000000
240.000000
953.000000
1387.000000
1856.000000
2227.000000
482.000000
1260.000000
2978.000000
2028.000000
2688.000000
1177.000000
1743.000000
131.000000
781.000000
1541.000000
2007.000000
856.000000
578.000000
461.000000
609.000000
479.000000
475.000000
872.000000
806.000000
864.000000
981.000000
440.000000
711.000000
692.000000
1225.000000
1168.000000
1245.000000
408.000000
364.000000
281.000000
576.000000
273.000000
420.000000
527.000000
593.000000
917.000000
626.000000
377.000000
862.000000
1021.000000
2886.000000
1821.000000
1316.000000
4376.000000
3239.000000
3437.000000
4951.000000
5782.000000
6495.000000
6174.000000
7380.000000
5191.000000
2919.000000
528.000000
234.000000
699.000000
1156.000000
1465.000000
254.000000
1368.000000
779.000000
202.000000
863.000000
302.000000
721.000000
630.000000
2995.000000
2885.000000
1689.000000
2426.000000
2512.000000
2500.000000
3614.000000
2369.000000
1813.000000
607.000000
1427.000000
2183.000000
2111.000000
1651.000000
2822.000000
2448.000000
672.000000
1421.000000
2113.000000
259.000000
2520.000000
934.000000
1789.000000
647.000000
1253.000000
14915.000000
2660.000000
1001.000000
968.000000
556.000000
311.000000
1787.000000
2397.000000
567.000000
847.000000
349.000000
353.000000
862.000000
1734.000000
2180.000000
934.000000
1378.000000
1194.000000
3096.000000
5247.000000
6302.000000
4447.000000
4534.000000
486.000000
242.000000
429.000000
834.000000
583.000000
924.000000
924.000000
450.000000
978.000000
2153.000000
1560.000000
783.000000
1226.000000
542.000000
112.000000
524.000000
1415.000000
2973.000000
3328.000000
4475.000000
346.000000
449.000000
3740.000000
3996.000000
4720.000000
5098.000000
5297.000000
6753.000000
905.000000
463.000000
653.000000
866.000000
815.000000
2013.000000
1564.000000
979.000000
1664.000000
2731.000000
1303.000000
1872.000000
290.000000
288.000000
367.000000
927.000000
1516.000000
280.000000
1345.000000
3545.000000
1784.000000
3247.000000
1050.000000
1617.000000
2206.000000
252.000000
1145.000000
1751.000000
296.000000
159.000000
521.000000
870.000000
1132.000000
1537.000000
2226.000000
2422.000000
225.000000
2020.000000
2483.000000
2221.000000
2488.000000
425.000000
1880.000000
2380.000000
1155.000000
2288.000000
1116.000000
1552.000000
3173.000000
3238.000000
3352.000000
731.000000
1294.000000
2589.000000
1447.000000
2018.000000
406.000000
221.000000
705.000000
1488.000000
1921.000000
1854.000000
1464.000000
1494.000000
583.000000
686.000000
679.000000
952.000000
1139.000000
397.000000
1505.000000
253.000000
2266.000000
2895.000000
854.000000
1342.000000
368.000000
220.000000
210.000000
626.000000
555.000000
1654.000000
2317.000000
839.000000
303.000000
1025.000000
1309.000000
1857.000000
798.000000
1904.000000
210.000000
563.000000
804.000000
776.000000
1145.000000
1763.000000
179.000000
1172.000000
2014.000000
812.000000
1487.000000
545.000000
1164.000000
300.000000
893.000000
1134.000000
2869.000000
2632.000000
3801.000000
196.000000
270.000000
931.000000
1363.000000
705.000000
282.000000
1131.000000
1908.000000
1296.000000
211.000000
1781.000000
2333.000000
2263.000000
2488.000000
2483.000000
3012.000000
1084.000000
300.000000
1216.000000
1745.000000
387.000000
626.000000
167.000000
890.000000
1317.000000
2193.000000
610.000000
812.000000
954.000000
280.000000
975.000000
3572.000000
3107.000000
3695.000000
1466.000000
627.000000
953.000000
5000.000000
4251.000000
4151.000000
4733.000000
3534.000000
558.000000
653.000000
910.000000
1057.000000
1621.000000
1332.000000
1700.000000
940.000000
749.000000
925.000000
879.000000
498.000000
305.000000
935.000000
2141.000000
4033.000000
3495.000000
2546.000000
1140.000000
1768.000000
1069.000000
2474.000000
1346.000000
1037.000000
1518.000000
840.000000
1414.000000
1863.000000
868.000000
1260.000000
319.000000
440.000000
334.000000
769.000000
1118.000000
1553.000000
3777.000000
5459.000000
6498.000000
5692.000000
434.000000
932.000000
1674.000000
520.000000
768.000000
962.000000
955.000000
1224.000000
2238.000000
1089.000000
883.000000
3055.000000
2064.000000
643.000000
700.000000
1382.000000
1533.000000
2366.000000
595.000000
744.000000
485.000000
207.000000
249.000000
405.000000
1212.000000
2318.000000
3339.000000
4285.000000
3538.000000
4990.000000
2939.000000
2056.000000
560.000000
1230.000000
1990.000000
1423.000000
789.000000
1515.000000
1697.000000
865.000000
2090.000000
399.000000
2220.000000
437.000000
799.000000
295.000000
1171.000000
3495.000000
1698.000000
2956.000000
1796.000000
1069.000000
537.000000
274.000000
1105.000000
2111.000000
1599.000000
522.000000
1035.000000
1730.000000
497.000000
309.000000
756.000000
1762.000000
4066.000000
3288.000000
3069.000000
2615.000000
342.000000
1665.000000
4818.000000
6323.000000
5254.000000
6142.000000
5012.000000
3701.000000
570.000000
2374.000000
2640.000000
1436.000000
783.000000
2221.000000
1465.000000
483.000000
3565.000000
3460.000000
3296.000000
3501.000000
2687.000000
1821.000000
3022.000000
272.000000
287.000000
313.000000
430.000000
483.000000
868.000000
274.000000
560.000000
625.000000
1319.000000
959.000000
1059.000000
1661.000000
1377.000000
2299.000000
330.000000
1042.000000
924.000000
226.000000
380.000000
256.000000
5329.000000
3953.000000
5272.000000
577.000000
634.000000
258.000000
1013.000000
1344.000000
1728.000000
1225.000000
700.000000
1604.000000
1832.000000
1061.000000
2831.000000
1076.000000
1092.000000
389.000000
576.000000
1039.000000
2197.000000
1739.000000
638.000000
1317.000000
2132.000000
1482.000000
497.000000
1272.000000
1859.000000
509.000000
1798.000000
339.000000
816.000000
781.000000
1898.000000
1054.000000
756.000000
1332.000000
304.000000
707.000000
192.000000
491.000000
1450.000000
2617.000000
255.000000
858.000000
186.000000
458.000000
500.000000
645.000000
1051.000000
1706.000000
518.000000
1572.000000
2427.000000
3213.000000
1153.000000
211.000000
413.000000
1372.000000
2478.000000
2172.000000
1205.000000
205.000000
608.000000
386.000000
168.000000
870.000000
2131.000000
6072.000000
6582.000000
2750.000000
1621.000000
608.000000
1358.000000
5462.000000
8829.000000
9178.000000
8863.000000
9776.000000
9190.000000
6921.000000
4235.000000
2829.000000
1156.000000
143.000000
655.000000
461.000000
1447.000000
2226.000000
6173.000000
440.000000
2505.000000
2354.000000
556.000000
2723.000000
4161.000000
5051.000000
247.000000
1611.000000
266.000000
1224.000000
372.000000
562.000000
188.000000
918.000000
1343.000000
350.000000
362.000000
1120.000000
167.000000
897.000000
2175.000000
3438.000000
2849.000000
3088.000000
3816.000000
1926.000000
783.000000
1951.000000
1924.000000
2693.000000
2904.000000
4163.000000
5983.000000
4790.000000
348.000000
319.000000
4016.000000
4714.000000
4581.000000
1046.000000
269.000000
22214.000000
4267.000000
6318.000000
11640.000000
3313.000000
3149.000000
526.000000
379.000000
1518.000000
599.000000
1314.000000
1081.000000
1205.000000
589.000000
705.000000
156.000000
1085.000000
3893.000000
3489.000000
1067.000000
791.000000
1335.000000
1153.000000
3880.000000
3743.000000
2355.000000
5265.000000
2644.000000
1358.000000
694.000000
550.000000
769.000000
394.000000
1392.000000
2323.000000
7660.000000
3253.000000
4679.000000
2650.000000
2556.000000
1145.000000
459.000000
1002.000000
1322.000000
969.000000
376.000000
654.000000
567.000000
1904.000000
238.000000
899.000000
457.000000
661.000000
989.000000
1540.000000
2827.000000
1632.000000
2405.000000
1622.000000
442.000000
680.000000
532.000000
897.000000
2560.000000
5907.000000
1860.000000
712.000000
906.000000
833.000000
1520.000000
2857.000000
2071.000000
2284.000000
1141.000000
2156.000000
441.000000
1100.000000
2146.000000
361.000000
569.000000
472.000000
1040.000000
861.000000
2022.000000
5916.000000
7259.000000
6705.000000
3977.000000
373.000000
471.000000
389.000000
2408.000000
1847.000000
793.000000
1327.000000
1440.000000
1931.000000
669.000000
436.000000
441.000000
3835.000000
3019.000000
4302.000000
3640.000000
4988.000000
5953.000000
492.000000
1449.000000
3068.000000
1151.000000
1517.000000
2509.000000
1104.000000
1015.000000
2582.000000
1638.000000
915.000000
457.000000
762.000000
312.000000
764.000000
1400.000000
751.000000
194.000000
1262.000000
3838.000000
4097.000000
4170.000000
5020.000000
3823.000000
1797.000000
2158.000000
2360.000000
1296.000000
3619.000000
409.000000
1751.000000
3038.000000
1241.000000
2631.000000
3953.000000
3380.000000
2708.000000
448.000000
1108.000000
359.000000
1223.000000
2797.000000
1876.000000
648.000000
904.000000
788.000000
838.000000
1441.000000
1877.000000
1782.000000
2148.000000
2769.000000
1633.000000
308.000000
1017.000000
342.000000
1000.000000
1728.000000
1241.000000
146.000000
1183.000000
472.000000
541.000000
2158.000000
3610.000000
1926.000000
760.000000
573.000000
1372.000000
1071.000000
2419.000000
748.000000
689.000000
1411.000000
1311.000000
721.000000
236.000000
1385.000000
2127.000000
1945.000000
3190.000000
1928.000000
559.000000
2562.000000
1282.000000
799.000000
536.000000
1540.000000
216.000000
1832.000000
1721.000000
1284.000000
682.000000
1681.000000
2281.000000
2294.000000
380.000000
836.000000
836.000000
611.000000
1168.000000
620.000000
3241.000000
2936.000000
4179.000000
4168.000000
3870.000000
3350.000000
1799.000000
379.000000
842.000000
1524.000000
1193.000000
21367.000000
2871.000000
1627.000000
814.000000
376.000000
243.000000
2112.000000
2366.000000
1072.000000
1444.000000
210.000000
347.000000
431.000000
654.000000
711.000000
2506.000000
3580.000000
1446.000000
265.000000
452.000000
578.000000
1317.000000
158.000000
789.000000
1501.000000
841.000000
1714.000000
267.000000
1294.000000
1324.000000
307.000000
471.000000
909.000000
1344.000000
1529.000000
1840.000000
3235.000000
689.000000
1113.000000
927.000000
837.000000
1249.000000
1583.000000
2290.000000
275.000000
1235.000000
1825.000000
454.000000
1218.000000
373.000000
407.000000
920.000000
7602.000000
3251.000000
3243.000000
3319.000000
4611.000000
4906.000000
4850.000000
5074.000000
7035.000000
2303.000000
867.000000
843.000000
2183.000000
1679.000000
4398.000000
3272.000000
3857.000000
401.000000
959.000000
629.000000
1643.000000
609.000000
535.000000
620.000000
762.000000
1264.000000
2123.000000
512.000000
1554.000000
2812.000000
2196.000000
3237.000000
180.000000
951.000000
652.000000
1532.000000
751.000000
1829.000000
659.000000
1127.000000
763.000000
363.000000
1670.000000
2180.000000
3519.000000
2517.000000
1606.000000
933.000000
1516.000000
2412.000000
1665.000000
646.000000
750.000000
1393.000000
2134.000000
2191.000000
4181.000000
6763.000000
7305.000000
8291.000000
8522.000000
9904.000000
9924.000000
7481.000000
6365.000000
5907.000000
2585.000000
3921.000000
412.000000
308.000000
920.000000
571.000000
365.000000
555.000000
3252.000000
936.000000
1511.000000
4662.000000
3334.000000
3701.000000
3400.000000
1024.000000
438.000000
394.000000
168.000000
1422.000000
1966.000000
2969.000000
2546.000000
3144.000000
649.000000
2380.000000
2555.000000
3159.000000
3987.000000
739.000000
989.000000
298.000000
2120.000000
2806.000000
1421.000000
836.000000
962.000000
2231.000000
836.000000
992.000000
1643.000000
1170.000000
1121.000000
201.000000
639.000000
783.000000
781.000000
932.000000
778.000000
758.000000
208.000000
1192.000000
583.000000
411.000000
294.000000
223.000000
2452.000000
2316.000000
3257.000000
1753.000000
3621.000000
2719.000000
2899.000000
1082.000000
1390.000000
1741.000000
676.000000
341.000000
247.000000
1228.000000
792.000000
390.000000
1404.000000
2237.000000
776.000000
1583.000000
3917.000000
1900.000000
4391.000000
2952.000000
4446.000000
2847.000000
3071.000000
239.000000
770.000000
1271.000000
4047.000000
2780.000000
3835.000000
2764.000000
443.000000
710.000000
1304.000000
244.000000
1750.000000
2298.000000
3148.000000
1167.000000
1067.000000
1382.000000
1423.000000
215.000000
554.000000
4541.000000
3450.000000
4113.000000
3428.000000
5255.000000
6634.000000
760.000000
205.000000
1429.000000
114.000000
The average waiting time  is :  1839.330500 
