8 , 64 26055.000000
101680.000000
22866.000000
30941.000000
17229.000000
9905.000000
36476.000000
19991.000000
22901.000000
32392.000000
43944.000000
45997.000000
31378.000000
36760.000000
41697.000000
35500.000000
4977.000000
3691.000000
2827.000000
956.000000
3573.000000
5290.000000
13830.000000
9952.000000
2660.000000
5476.000000
7046.000000
3520.000000
2865.000000
5979.000000
2363.000000
2775.000000
4471.000000
5389.000000
7651.000000
8822.000000
7433.000000
621.000000
4831.000000
9385.000000
3533.000000
4216.000000
13145.000000
10103.000000
12086.000000
1042.000000
4211.000000
9186.000000
6315.000000
9139.000000
9620.000000
23806.000000
24285.000000
20202.000000
22167.000000
29015.000000
3226.000000
3520.000000
4849.000000
8066.000000
7112.000000
14242.000000
9296.000000
3628.000000
4241.000000
11477.000000
17396.000000
24146.000000
27947.000000
1496.000000
1183.000000
240.000000
1517.000000
327.000000
180.000000
2013.000000
4547.000000
5306.000000
4657.000000
5591.000000
6218.000000
3766.000000
621.000000
559.000000
201.000000
1311.000000
1689.000000
911.000000
296.000000
793.000000
903.000000
1890.000000
713.000000
1365.000000
183.000000
284.000000
589.000000
358.000000
1036.000000
1227.000000
1766.000000
2692.000000
3253.000000
3178.000000
4080.000000
5835.000000
319.000000
1765.000000
2399.000000
3234.000000
2235.000000
193.000000
541.000000
259.000000
6239.000000
8074.000000
10074.000000
2771.000000
4408.000000
2739.000000
1164.000000
778.000000
330.000000
1283.000000
1975.000000
3922.000000
4119.000000
4888.000000
2763.000000
3046.000000
3474.000000
2374.000000
1961.000000
898.000000
797.000000
2033.000000
905.000000
280.000000
455.000000
387.000000
163.000000
441.000000
375.000000
685.000000
231.000000
713.000000
2673.000000
2393.000000
533.000000
744.000000
1119.000000
1771.000000
209.000000
3366.000000
4462.000000
5537.000000
6100.000000
7178.000000
8129.000000
8872.000000
3001.000000
3138.000000
200.000000
1303.000000
4474.000000
4147.000000
4401.000000
5202.000000
12767.000000
11807.000000
4182.000000
5416.000000
7410.000000
4553.000000
6188.000000
2178.000000
2739.000000
730.000000
1081.000000
5810.000000
1964.000000
579.000000
816.000000
193.000000
959.000000
1700.000000
591.000000
284.000000
465.000000
2643.000000
3331.000000
4884.000000
115.000000
1538.000000
863.000000
305.000000
1675.000000
2242.000000
4297.000000
3414.000000
3581.000000
3870.000000
3564.000000
3620.000000
4780.000000
2072.000000
1352.000000
1766.000000
406.000000
581.000000
322.000000
667.000000
624.000000
963.000000
1991.000000
713.000000
154.000000
415.000000
428.000000
302.000000
2255.000000
4970.000000
6207.000000
6547.000000
6277.000000
2502.000000
4432.000000
2056.000000
731.000000
469.000000
508.000000
477.000000
584.000000
266.000000
215.000000
213.000000
409.000000
1336.000000
1726.000000
2107.000000
918.000000
1610.000000
1117.000000
5942.000000
8752.000000
5380.000000
6058.000000
4410.000000
4409.000000
3666.000000
1172.000000
1730.000000
976.000000
1227.000000
2505.000000
380.000000
1042.000000
1528.000000
690.000000
563.000000
1032.000000
482.000000
384.000000
1028.000000
1313.000000
1077.000000
1225.000000
1736.000000
4585.000000
5312.000000
4523.000000
4855.000000
5806.000000
194.000000
406.000000
460.000000
404.000000
1721.000000
2488.000000
307.000000
525.000000
2071.000000
2580.000000
244.000000
1949.000000
2371.000000
1093.000000
1093.000000
1312.000000
3198.000000
2479.000000
3500.000000
623.000000
996.000000
2007.000000
4617.000000
2212.000000
625.000000
2027.000000
3204.000000
2070.000000
1111.000000
2442.000000
1481.000000
737.000000
3655.000000
3848.000000
5347.000000
6390.000000
6185.000000
1616.000000
14443.000000
15293.000000
16332.000000
660.000000
183.000000
1741.000000
3473.000000
3313.000000
4618.000000
4231.000000
1128.000000
3061.000000
1457.000000
2112.000000
2570.000000
3365.000000
530.000000
849.000000
494.000000
614.000000
1707.000000
2124.000000
455.000000
1217.000000
1957.000000
1002.000000
1710.000000
11839.000000
691.000000
2306.000000
3287.000000
260.000000
843.000000
3641.000000
2978.000000
5461.000000
3942.000000
5353.000000
197.000000
1084.000000
1385.000000
1053.000000
1699.000000
3885.000000
3875.000000
3850.000000
3143.000000
394.000000
1148.000000
810.000000
833.000000
1085.000000
2149.000000
2985.000000
4113.000000
5668.000000
2508.000000
2100.000000
377.000000
525.000000
454.000000
229.000000
873.000000
588.000000
777.000000
366.000000
421.000000
932.000000
913.000000
2379.000000
2574.000000
2258.000000
2851.000000
2971.000000
852.000000
873.000000
543.000000
296.000000
2561.000000
2955.000000
4628.000000
2495.000000
903.000000
1514.000000
1008.000000
2181.000000
191.000000
758.000000
1372.000000
1704.000000
507.000000
245.000000
395.000000
492.000000
459.000000
323.000000
952.000000
2826.000000
1800.000000
398.000000
1015.000000
591.000000
196.000000
1547.000000
2386.000000
1592.000000
353.000000
2897.000000
5278.000000
2605.000000
1169.000000
3428.000000
2846.000000
3398.000000
2613.000000
556.000000
2173.000000
2288.000000
674.000000
1181.000000
1583.000000
4768.000000
3611.000000
4718.000000
6239.000000
6882.000000
5066.000000
4384.000000
1347.000000
731.000000
253.000000
1027.000000
1846.000000
1722.000000
2744.000000
396.000000
799.000000
8150.000000
7645.000000
8576.000000
9572.000000
6517.000000
4419.000000
1603.000000
860.000000
2550.000000
3673.000000
2159.000000
450.000000
1748.000000
2000.000000
2069.000000
2129.000000
403.000000
568.000000
1945.000000
2322.000000
689.000000
182.000000
1619.000000
2377.000000
3035.000000
1627.000000
2113.000000
1137.000000
2365.000000
1215.000000
603.000000
2454.000000
4916.000000
5903.000000
6014.000000
6632.000000
8141.000000
6890.000000
2895.000000
432.000000
2526.000000
1182.000000
1026.000000
1772.000000
1487.000000
1560.000000
393.000000
805.000000
1662.000000
3442.000000
2112.000000
5413.000000
6988.000000
4760.000000
3171.000000
2630.000000
2971.000000
608.000000
1295.000000
2455.000000
1274.000000
2749.000000
1976.000000
195.000000
909.000000
736.000000
841.000000
1275.000000
348.000000
1032.000000
839.000000
1783.000000
1410.000000
1968.000000
4322.000000
3925.000000
4694.000000
3747.000000
795.000000
931.000000
2308.000000
1411.000000
2280.000000
1460.000000
151.000000
188.000000
974.000000
1466.000000
651.000000
516.000000
531.000000
1308.000000
1387.000000
716.000000
1564.000000
4799.000000
8813.000000
9812.000000
11837.000000
13510.000000
7906.000000
5831.000000
3987.000000
107.000000
1370.000000
2138.000000
1723.000000
2206.000000
5274.000000
4978.000000
5856.000000
6739.000000
5850.000000
6591.000000
4810.000000
2420.000000
481.000000
1702.000000
4420.000000
6267.000000
6887.000000
7644.000000
8284.000000
8087.000000
8514.000000
7658.000000
2413.000000
513.000000
377.000000
1804.000000
2568.000000
4383.000000
5212.000000
3921.000000
3031.000000
611.000000
184.000000
170.000000
559.000000
449.000000
1311.000000
818.000000
1840.000000
876.000000
7728.000000
935.000000
1796.000000
1701.000000
472.000000
982.000000
871.000000
1419.000000
914.000000
340.000000
916.000000
921.000000
2035.000000
204.000000
765.000000
720.000000
228.000000
328.000000
254.000000
1966.000000
3294.000000
4364.000000
3574.000000
542.000000
348.000000
185.000000
146.000000
1448.000000
1848.000000
1193.000000
2097.000000
260.000000
1216.000000
1753.000000
888.000000
911.000000
76.000000
236.000000
469.000000
1773.000000
3127.000000
4978.000000
2462.000000
1723.000000
606.000000
159.000000
641.000000
840.000000
1309.000000
1243.000000
1968.000000
850.000000
1866.000000
1029.000000
1984.000000
751.000000
699.000000
327.000000
520.000000
580.000000
833.000000
1076.000000
3383.000000
2268.000000
2517.000000
456.000000
607.000000
2214.000000
3441.000000
4174.000000
3827.000000
1668.000000
211.000000
1535.000000
3320.000000
829.000000
2543.000000
1573.000000
1359.000000
720.000000
316.000000
2530.000000
2861.000000
4899.000000
6890.000000
6016.000000
6843.000000
6868.000000
7038.000000
7446.000000
3829.000000
1330.000000
1118.000000
534.000000
947.000000
967.000000
1761.000000
1090.000000
1916.000000
216.000000
567.000000
730.000000
1264.000000
244.000000
383.000000
519.000000
765.000000
736.000000
470.000000
409.000000
1036.000000
2371.000000
4664.000000
5508.000000
9948.000000
10074.000000
11305.000000
12204.000000
8896.000000
7661.000000
7772.000000
9202.000000
5792.000000
4745.000000
4280.000000
642.000000
737.000000
497.000000
2095.000000
2539.000000
247.000000
1818.000000
2416.000000
4429.000000
3210.000000
5586.000000
4745.000000
4536.000000
5172.000000
3204.000000
2073.000000
549.000000
2251.000000
2167.000000
250.000000
340.000000
906.000000
4859.000000
1835.000000
557.000000
824.000000
594.000000
671.000000
1424.000000
2922.000000
1975.000000
1472.000000
2233.000000
1491.000000
420.000000
487.000000
262.000000
220.000000
176.000000
859.000000
2433.000000
469.000000
982.000000
1311.000000
274.000000
1287.000000
1663.000000
432.000000
881.000000
1694.000000
1312.000000
1604.000000
2819.000000
3773.000000
4321.000000
279.000000
481.000000
496.000000
2276.000000
5671.000000
6890.000000
4705.000000
5609.000000
7336.000000
1963.000000
3114.000000
962.000000
422.000000
1283.000000
2421.000000
579.000000
1775.000000
327.000000
569.000000
839.000000
1844.000000
4013.000000
3437.000000
5116.000000
5127.000000
3434.000000
4128.000000
5235.000000
1122.000000
2742.000000
804.000000
310.000000
75.000000
415.000000
527.000000
338.000000
469.000000
1044.000000
4046.000000
3098.000000
3786.000000
3429.000000
2987.000000
3699.000000
1074.000000
166.000000
258.000000
1044.000000
1826.000000
415.000000
236.000000
487.000000
851.000000
205.000000
515.000000
357.000000
232.000000
783.000000
1411.000000
3763.000000
2566.000000
2686.000000
210.000000
743.000000
591.000000
554.000000
1276.000000
865.000000
2648.000000
2336.000000
3695.000000
2378.000000
3154.000000
1694.000000
585.000000
1228.000000
1829.000000
448.000000
140.000000
1782.000000
1745.000000
453.000000
1270.000000
3055.000000
2155.000000
3223.000000
2105.000000
475.000000
492.000000
866.000000
1467.000000
239.000000
614.000000
2409.000000
3200.000000
3981.000000
4384.000000
499.000000
1005.000000
1106.000000
1708.000000
1135.000000
876.000000
1623.000000
1081.000000
2062.000000
3466.000000
5131.000000
5605.000000
5479.000000
2194.000000
4081.000000
5009.000000
3965.000000
5285.000000
4571.000000
2903.000000
175.000000
523.000000
2019.000000
2318.000000
1247.000000
2255.000000
1613.000000
2346.000000
458.000000
474.000000
221.000000
2161.000000
2467.000000
2317.000000
909.000000
217.000000
301.000000
2801.000000
5544.000000
5533.000000
4724.000000
5053.000000
580.000000
1562.000000
2384.000000
1847.000000
794.000000
734.000000
386.000000
517.000000
437.000000
306.000000
1148.000000
1865.000000
1944.000000
2195.000000
5113.000000
3323.000000
3765.000000
3984.000000
587.000000
518.000000
177.000000
968.000000
635.000000
1615.000000
852.000000
887.000000
246.000000
1421.000000
2337.000000
3697.000000
1384.000000
2742.000000
3132.000000
188.000000
744.000000
1814.000000
1169.000000
1921.000000
110.000000
337.000000
763.000000
1510.000000
980.000000
2242.000000
360.000000
434.000000
219.000000
543.000000
950.000000
360.000000
719.000000
550.000000
1875.000000
2285.000000
605.000000
546.000000
628.000000
821.000000
2012.000000
2130.000000
3789.000000
2447.000000
3955.000000
3958.000000
5277.000000
6127.000000
6982.000000
6322.000000
7009.000000
2085.000000
2564.000000
369.000000
1338.000000
469.000000
395.000000
342.000000
170.000000
918.000000
796.000000
1605.000000
787.000000
619.000000
626.000000
783.000000
1808.000000
4066.000000
5757.000000
6812.000000
7406.000000
8632.000000
7573.000000
8501.000000
8898.000000
6825.000000
6961.000000
7719.000000
192.000000
985.000000
5060.000000
6536.000000
2693.000000
1092.000000
2341.000000
333.000000
668.000000
144.000000
550.000000
542.000000
2332.000000
4171.000000
5230.000000
3996.000000
4815.000000
192.000000
1975.000000
3305.000000
6833.000000
4716.000000
5345.000000
7491.000000
2588.000000
3859.000000
5644.000000
3397.000000
2682.000000
1726.000000
250.000000
1083.000000
2105.000000
935.000000
205.000000
1283.000000
1788.000000
247.000000
878.000000
1484.000000
5466.000000
1607.000000
901.000000
1474.000000
1603.000000
206.000000
1434.000000
1841.000000
671.000000
683.000000
1300.000000
1815.000000
1828.000000
3812.000000
507.000000
1084.000000
2685.000000
832.000000
704.000000
738.000000
586.000000
422.000000
1992.000000
3858.000000
4557.000000
3639.000000
715.000000
1615.000000
2265.000000
549.000000
396.000000
662.000000
910.000000
960.000000
2442.000000
1286.000000
298.000000
2025.000000
2502.000000
471.000000
1419.000000
1721.000000
317.000000
1875.000000
1621.000000
677.000000
1081.000000
1680.000000
2461.000000
1122.000000
2106.000000
2463.000000
933.000000
2311.000000
3670.000000
4379.000000
5012.000000
418.000000
296.000000
726.000000
1322.000000
2814.000000
1868.000000
766.000000
779.000000
1701.000000
1655.000000
772.000000
1124.000000
253.000000
635.000000
141.000000
941.000000
4227.000000
4267.000000
5504.000000
6171.000000
6080.000000
6961.000000
7274.000000
7100.000000
3562.000000
4140.000000
7808.000000
9478.000000
2193.000000
724.000000
701.000000
596.000000
501.000000
1454.000000
2169.000000
755.000000
555.000000
1013.000000
1671.000000
580.000000
653.000000
1265.000000
605.000000
2087.000000
210.000000
2085.000000
2123.000000
3362.000000
485.000000
551.000000
776.000000
591.000000
644.000000
513.000000
966.000000
821.000000
1333.000000
5666.000000
6163.000000
6490.000000
7949.000000
9196.000000
9126.000000
9295.000000
10212.000000
11290.000000
9698.000000
10107.000000
3674.000000
409.000000
291.000000
1424.000000
2212.000000
1618.000000
3596.000000
5330.000000
6070.000000
4627.000000
4812.000000
4144.000000
297.000000
280.000000
1511.000000
1397.000000
332.000000
949.000000
641.000000
608.000000
1439.000000
4322.000000
5357.000000
4280.000000
10125.000000
10704.000000
677.000000
689.000000
1812.000000
2174.000000
3266.000000
5686.000000
7826.000000
7917.000000
8639.000000
9196.000000
9007.000000
9815.000000
7712.000000
2346.000000
2485.000000
1338.000000
3586.000000
3983.000000
4662.000000
2334.000000
2664.000000
608.000000
217.000000
712.000000
339.000000
436.000000
710.000000
646.000000
1324.000000
312.000000
2468.000000
3474.000000
2404.000000
2638.000000
9590.000000
10288.000000
12836.000000
12349.000000
13548.000000
14363.000000
10908.000000
9582.000000
550.000000
618.000000
632.000000
256.000000
227.000000
384.000000
691.000000
1243.000000
1024.000000
333.000000
742.000000
1945.000000
3800.000000
2485.000000
3624.000000
2174.000000
522.000000
147.000000
622.000000
1086.000000
730.000000
938.000000
196.000000
569.000000
677.000000
821.000000
837.000000
1674.000000
794.000000
1534.000000
916.000000
683.000000
977.000000
516.000000
495.000000
2070.000000
3212.000000
4377.000000
4909.000000
3103.000000
4415.000000
216.000000
1391.000000
1835.000000
907.000000
750.000000
757.000000
1372.000000
395.000000
482.000000
424.000000
1530.000000
2250.000000
582.000000
1902.000000
2784.000000
1949.000000
581.000000
2523.000000
8716.000000
8881.000000
3458.000000
521.000000
778.000000
769.000000
1066.000000
950.000000
1745.000000
817.000000
274.000000
759.000000
1184.000000
6113.000000
2174.000000
527.000000
595.000000
1233.000000
373.000000
151.000000
431.000000
598.000000
243.000000
1887.000000
2651.000000
201.000000
1218.000000
1916.000000
1517.000000
2849.000000
2772.000000
1248.000000
1111.000000
1877.000000
2571.000000
428.000000
598.000000
2901.000000
3255.000000
4379.000000
4822.000000
953.000000
1800.000000
1211.000000
2246.000000
1982.000000
1028.000000
807.000000
1376.000000
384.000000
512.000000
1008.000000
2009.000000
1355.000000
1503.000000
783.000000
350.000000
697.000000
1253.000000
1564.000000
1276.000000
440.000000
566.000000
795.000000
1542.000000
2071.000000
1025.000000
1056.000000
2095.000000
430.000000
411.000000
1789.000000
3051.000000
2086.000000
684.000000
158.000000
1744.000000
3734.000000
3981.000000
3121.000000
1041.000000
610.000000
552.000000
217.000000
1161.000000
1774.000000
233.000000
3181.000000
3635.000000
5134.000000
5691.000000
2171.000000
644.000000
3623.000000
11047.000000
11787.000000
12827.000000
12305.000000
8995.000000
6399.000000
4518.000000
5608.000000
473.000000
1366.000000
935.000000
973.000000
123.000000
270.000000
1380.000000
1452.000000
2849.000000
2502.000000
2093.000000
729.000000
836.000000
1385.000000
396.000000
661.000000
487.000000
414.000000
1325.000000
1565.000000
3021.000000
4500.000000
277.000000
1561.000000
4206.000000
1518.000000
2884.000000
1814.000000
2729.000000
820.000000
2812.000000
7323.000000
8644.000000
10419.000000
8901.000000
9920.000000
10334.000000
10791.000000
11961.000000
9923.000000
9751.000000
10299.000000
8632.000000
9708.000000
4971.000000
1670.000000
753.000000
235.000000
797.000000
294.000000
741.000000
1163.000000
1421.000000
1250.000000
1873.000000
1230.000000
1452.000000
511.000000
539.000000
301.000000
622.000000
181.000000
1023.000000
646.000000
444.000000
777.000000
214.000000
939.000000
822.000000
1170.000000
313.000000
733.000000
590.000000
1737.000000
4169.000000
4623.000000
5681.000000
8615.000000
9126.000000
8135.000000
4966.000000
1000.000000
472.000000
24032.000000
5625.000000
21606.000000
24194.000000
23873.000000
24951.000000
13220.000000
11529.000000
806.000000
906.000000
2761.000000
2271.000000
917.000000
1619.000000
2986.000000
4379.000000
2153.000000
1659.000000
134.000000
1018.000000
543.000000
698.000000
1071.000000
459.000000
451.000000
1265.000000
3375.000000
2461.000000
1342.000000
3740.000000
2907.000000
4302.000000
523.000000
684.000000
1245.000000
761.000000
230.000000
214.000000
706.000000
774.000000
1556.000000
3249.000000
2668.000000
681.000000
829.000000
829.000000
1989.000000
791.000000
1574.000000
785.000000
1647.000000
2835.000000
1421.000000
2053.000000
1949.000000
416.000000
907.000000
1877.000000
984.000000
725.000000
2129.000000
250.000000
1758.000000
784.000000
2113.000000
2700.000000
2514.000000
3557.000000
1211.000000
2005.000000
529.000000
410.000000
1172.000000
3633.000000
2852.000000
715.000000
537.000000
662.000000
858.000000
440.000000
199.000000
197.000000
7904.000000
9219.000000
6031.000000
8404.000000
10450.000000
5755.000000
5995.000000
6852.000000
237.000000
679.000000
201.000000
190.000000
791.000000
267.000000
356.000000
326.000000
993.000000
1284.000000
2814.000000
267.000000
680.000000
185.000000
490.000000
2564.000000
5086.000000
5568.000000
6406.000000
6178.000000
7140.000000
4835.000000
5987.000000
2186.000000
737.000000
2250.000000
2031.000000
640.000000
547.000000
273.000000
507.000000
243.000000
476.000000
525.000000
270.000000
847.000000
1430.000000
3291.000000
17555.000000
530.000000
1313.000000
2322.000000
1534.000000
1406.000000
1694.000000
4558.000000
2810.000000
4412.000000
942.000000
1831.000000
516.000000
290.000000
289.000000
904.000000
589.000000
1203.000000
1663.000000
3195.000000
6180.000000
7529.000000
9026.000000
10936.000000
9057.000000
4717.000000
3104.000000
3710.000000
2027.000000
1034.000000
2355.000000
3734.000000
3923.000000
3828.000000
2427.000000
741.000000
637.000000
1829.000000
2473.000000
3661.000000
420.000000
1810.000000
3739.000000
3812.000000
4300.000000
5120.000000
2055.000000
2625.000000
158.000000
151.000000
312.000000
341.000000
1592.000000
2582.000000
336.000000
1827.000000
1913.000000
231.000000
213.000000
629399.000000
631434.000000
21105.000000
6113.000000
24191.000000
5579.000000
10131.000000
3510.000000
4486.000000
2293.000000
1339.000000
1248.000000
2598.000000
270.000000
320.000000
823.000000
2719.000000
2184.000000
2499.000000
1886.000000
1093.000000
2009.000000
1060.000000
2355.000000
753.000000
623.000000
1619.000000
2257.000000
885.000000
335.000000
442.000000
150.000000
874.000000
360.000000
1448.000000
3347.000000
3369.000000
4722.000000
3811.000000
599.000000
315.000000
830.000000
1626.000000
1197.000000
1846.000000
219.000000
558.000000
1405.000000
2129.000000
922.000000
338.000000
241.000000
839.000000
960.000000
1515.000000
549.000000
1187.000000
1472.000000
2288.000000
2268.000000
188.000000
648.000000
475.000000
385.000000
705.000000
1875.000000
4917.000000
5419.000000
5136.000000
7592.000000
2131.000000
622.000000
1335.000000
2833.000000
3308.000000
342.000000
1013.000000
261.000000
1477.000000
1753.000000
432.000000
1068.000000
2413.000000
1510.000000
2436.000000
2831.000000
1652.000000
649.000000
412.000000
991.000000
1377.000000
2363.000000
3317.000000
3818.000000
3235.000000
2119.000000
4128.000000
4784.000000
3722.000000
484.000000
946.000000
1822.000000
1653.000000
2531.000000
3563.000000
1159.000000
1904.000000
2372.000000
10569.000000
1435.000000
956.000000
392.000000
1297.000000
2578.000000
4752.000000
4085.000000
2319.000000
661.000000
1258.000000
1649.000000
350.000000
955.000000
1740.000000
1955.000000
2342.000000
774.000000
5384.000000
5929.000000
8037.000000
9014.000000
9876.000000
1417.000000
729.000000
434.000000
866.000000
256.000000
291.000000
1375.000000
2751.000000
4445.000000
1877.000000
647.000000
637.000000
268.000000
377.000000
2851.000000
3656.000000
4578.000000
4902.000000
737.000000
596.000000
1191.000000
2112.000000
1906.000000
4811.000000
5917.000000
7386.000000
8218.000000
8625.000000
8547.000000
9813.000000
11277.000000
12613.000000
10257.000000
10860.000000
10198.000000
11950.000000
7617.000000
9339.000000
5276.000000
3140.000000
278.000000
323.000000
874.000000
1488.000000
675.000000
124.000000
448.000000
542.000000
1449.000000
2135.000000
238.000000
1464.000000
2260.000000
626.000000
1392.000000
2226.000000
186.000000
1239.000000
837.000000
431.000000
251.000000
1489.000000
2283.000000
408.000000
130.000000
305.000000
945.000000
682.000000
2069.000000
4924.000000
2882.000000
3858.000000
4561.000000
638.000000
802.000000
1222.000000
1970.000000
1435.000000
2073.000000
961.000000
1907.000000
2524.000000
3087.000000
3965.000000
4718.000000
572.000000
1247.000000
2168.000000
413.000000
167.000000
284.000000
923.000000
1893.000000
909.000000
1453.000000
1909.000000
2217.000000
3207.000000
698.000000
2517.000000
1309.000000
880.000000
1713.000000
852.000000
819.000000
371.000000
779.000000
2331.000000
2284.000000
282.000000
2436.000000
2664.000000
3901.000000
4483.000000
5486.000000
5778.000000
302.000000
846.000000
1739.000000
1545.000000
339.000000
461.000000
281.000000
8275.000000
3353.000000
630.000000
815.000000
1179.000000
950.000000
1030.000000
1936.000000
1623.000000
4329.000000
5394.000000
4908.000000
5567.000000
6250.000000
4366.000000
475.000000
479.000000
638.000000
1660.000000
2362.000000
3876.000000
2528.000000
244.000000
890.000000
902.000000
1140.000000
821.000000
933.000000
3025.000000
1544.000000
476.000000
297.000000
255.000000
329.000000
1290.000000
2100.000000
1238.000000
642.000000
971.000000
471.000000
831.000000
228.000000
837.000000
1179.000000
2386.000000
538.000000
433.000000
754.000000
1245.000000
1006.000000
1050.000000
1693.000000
2413.000000
1853.000000
1282.000000
1268.000000
4080.000000
3159.000000
4727.000000
635.000000
872.000000
243.000000
256.000000
381.000000
1839.000000
2559.000000
3717.000000
1012.000000
1337.000000
5949.000000
7278.000000
6769.000000
6721.000000
7943.000000
5776.000000
5764.000000
3890.000000
3947.000000
521.000000
1207.000000
563.000000
542.000000
280.000000
722.000000
979.000000
1763.000000
285.000000
2871.000000
3872.000000
7109.000000
7496.000000
6915.000000
8461.000000
9239.000000
8757.000000
9638.000000
6545.000000
3449.000000
2127.000000
823.000000
2038.000000
715.000000
514.000000
269.000000
1439.000000
3256.000000
3140.000000
2079.000000
839.000000
1019.000000
2211.000000
701.000000
1009.000000
327.000000
365.000000
3350.000000
2734.000000
3248.000000
211.000000
308.000000
1006.000000
624.000000
202.000000
457.000000
1152.000000
972.000000
839.000000
830.000000
1355.000000
4044.000000
4953.000000
4927.000000
5198.000000
4259.000000
5567.000000
2186.000000
433.000000
930.000000
293.000000
1469.000000
2607.000000
240.000000
1317.000000
1712.000000
259.000000
349.000000
1101.000000
547.000000
1724.000000
939.000000
1299.000000
908.000000
748.000000
2166.000000
458.000000
1350.000000
357.000000
1517.000000
3872.000000
4579.000000
3892.000000
2274.000000
2139.000000
1648.000000
1258.000000
2845.000000
1065.000000
420.000000
659.000000
3033.000000
2843.000000
1428.000000
966.000000
1312.000000
4535.000000
3740.000000
5207.000000
709.000000
715.000000
160.000000
2986.000000
3707.000000
5748.000000
3907.000000
4625.000000
4665.000000
5501.000000
4284.000000
4556.000000
667.000000
1300.000000
1578.000000
4693.000000
5428.000000
5386.000000
3367.000000
4085.000000
630.000000
215.000000
782.000000
2253.000000
4620.000000
5169.000000
3180.000000
403.000000
458.000000
204.000000
1326.000000
2387.000000
540.000000
1131.000000
835.000000
1290.000000
3900.000000
4216.000000
4940.000000
5113.000000
6467.000000
4236.000000
1674.000000
313.000000
602.000000
1332.000000
2485.000000
277.000000
668.000000
574.000000
1264.000000
2246.000000
375.000000
335.000000
585.000000
709.000000
352.000000
1187.000000
612.000000
297.000000
1882.000000
2188.000000
671.000000
671.000000
595.000000
1893.000000
3934.000000
5113.000000
4534.000000
762.000000
316.000000
902.000000
1441.000000
2668.000000
445.000000
716.000000
228.000000
1381.000000
2701.000000
408.000000
1917.000000
3552.000000
2258.000000
434.000000
792.000000
1503.000000
2610.000000
216.000000
1263.000000
3407.000000
2727.000000
1798.000000
6554.000000
10717.000000
11427.000000
12525.000000
13578.000000
14226.000000
13813.000000
13913.000000
16018.000000
17109.000000
16359.000000
18931.000000
20532.000000
19486.000000
12766.000000
8338.000000
9504.000000
6145.000000
6388.000000
4357.000000
481.000000
521.000000
428.000000
1435.000000
2443.000000
860.000000
867.000000
1731.000000
970.000000
1175.000000
1445.000000
1489.000000
2863.000000
240.000000
322.000000
825.000000
651.000000
777.000000
601.000000
2745.000000
2465.000000
3389.000000
871.000000
1912.000000
596.000000
1095.000000
2647.000000
2428.000000
1109.000000
278.000000
223.000000
1862.000000
2683.000000
249.000000
1116.000000
1829.000000
816.000000
212.000000
625.000000
416.000000
262.000000
423.000000
238.000000
208.000000
300.000000
1354.000000
2105.000000
2157.000000
2995.000000
4741.000000
7075.000000
5075.000000
7323.000000
6967.000000
7124.000000
8396.000000
7522.000000
6504.000000
7891.000000
8976.000000
555.000000
1816.000000
7269.000000
5105.000000
5923.000000
3518.000000
953.000000
853.000000
1875.000000
2867.000000
2616.000000
3652.000000
820.000000
283.000000
755.000000
1229.000000
3311.000000
4047.000000
4764.000000
5704.000000
2744.000000
3022.000000
737.000000
161.000000
773.000000
2305.000000
1353.000000
1967.000000
3315.000000
4247.000000
2234.000000
1552.000000
2035.000000
2188.000000
4783.000000
5330.000000
4604.000000
5234.000000
1118.000000
3238.000000
1827.000000
311.000000
512.000000
1279.000000
1927.000000
458.000000
3999.000000
5140.000000
5299.000000
7395.000000
8454.000000
7969.000000
9580.000000
7904.000000
8770.000000
855.000000
618.000000
728.000000
2139.000000
2308.000000
924.000000
2250.000000
269.000000
911.000000
269.000000
738.000000
1985.000000
3365.000000
2483.000000
320.000000
323.000000
470.000000
1970.000000
2914.000000
3456.000000
2652.000000
3320.000000
459.000000
2889.000000
4675.000000
4265.000000
4988.000000
15390.000000
12419.000000
384.000000
572.000000
1223.000000
1184.000000
3876.000000
6788.000000
7365.000000
7142.000000
8037.000000
8866.000000
8006.000000
8465.000000
869.000000
3576.000000
2149.000000
686.000000
245.000000
1388.000000
2276.000000
390.000000
579.000000
2147.000000
3032.000000
2006.000000
2156.000000
4523.000000
5462.000000
3750.000000
391.000000
770.000000
1440.000000
278.000000
1119.000000
1844.000000
953.000000
607.000000
1433.000000
575.000000
618.000000
9713.000000
4332.000000
4708.000000
4614.000000
3693.000000
4700.000000
4120.000000
987.000000
973.000000
1163.000000
925.000000
2239.000000
3997.000000
6338.000000
2606.000000
3582.000000
1309.000000
3069.000000
2250.000000
638.000000
1654.000000
3992.000000
2885.000000
3837.000000
303.000000
1070.000000
1676.000000
623.000000
1272.000000
2296.000000
2816.000000
1828.000000
447.000000
1461.000000
2269.000000
442.000000
1181.000000
1381.000000
444.000000
613.000000
270.000000
1133.000000
2322.000000
3091.000000
4716.000000
454.000000
2057.000000
2325.000000
289.000000
1542.000000
873.000000
1724.000000
715.000000
2871.000000
3471.000000
4628.000000
1812.000000
903.000000
418.000000
422.000000
2074.000000
3273.000000
315.000000
1446.000000
461.000000
1387.000000
2902.000000
2076.000000
1539.000000
1998.000000
832.000000
1620.000000
2831.000000
3973.000000
547.000000
473.000000
1694.000000
2759.000000
527.000000
1190.000000
2207.000000
381.000000
1805.000000
3755.000000
4150.000000
3474.000000
602.000000
1411.000000
1903.000000
3050.000000
3804.000000
4408.000000
5981.000000
894.000000
1464.000000
780.000000
776.000000
500.000000
601.000000
683.000000
1511.000000
3542.000000
5080.000000
4264.000000
1381.000000
2226.000000
1768.000000
2378.000000
778.000000
2209.000000
2989.000000
485.000000
1192.000000
2984.000000
3214.000000
1731.000000
594.000000
572.000000
844.000000
439.000000
630.000000
875.000000
526.000000
1351.000000
4084.000000
3239.000000
1991.000000
266.000000
352.000000
377.000000
622.000000
227.000000
567.000000
1907.000000
2587.000000
1098.000000
1244.000000
517.000000
2887.000000
4713.000000
7191.000000
8022.000000
9110.000000
10383.000000
12271.000000
11878.000000
10180.000000
11227.000000
11844.000000
6247.000000
839.000000
1017.000000
2161.000000
2594.000000
231.000000
684.000000
577.000000
955.000000
208.000000
1253.000000
2110.000000
2670.000000
2278.000000
459.000000
1475.000000
3861.000000
5939.000000
5361.000000
6063.000000
6705.000000
6385.000000
7253.000000
6958.000000
3914.000000
1045.000000
2405.000000
912.000000
640.000000
271.000000
2753.000000
9437.000000
11984.000000
13950.000000
15055.000000
10513.000000
8852.000000
7918.000000
5208.000000
3514.000000
1785.000000
2666.000000
379.000000
999.000000
1001.000000
610.000000
748.000000
388.000000
1418.000000
1928.000000
376.000000
474.000000
1655.000000
2412.000000
653.000000
348.000000
632.000000
2280.000000
5983.000000
6493.000000
5247.000000
6359.000000
7251.000000
1966.000000
4022.000000
2251.000000
3982.000000
3070.000000
2364.000000
641.000000
2080.000000
4073.000000
4490.000000
3924.000000
4901.000000
1133.000000
2094.000000
733.000000
308.000000
415.000000
1274.000000
2340.000000
672.000000
1004.000000
1484.000000
4276.000000
6484.000000
5146.000000
6634.000000
6039.000000
4823.000000
3780.000000
739.000000
1695.000000
1916.000000
1472.000000
2135.000000
775.000000
571.000000
490.000000
1438.000000
2506.000000
2529.000000
876.000000
1970.000000
470.000000
268.000000
1101.000000
799.000000
1203.000000
2082.000000
2969.000000
3755.000000
870.000000
1342.000000
1430.000000
2565.000000
1276.000000
1946.000000
2389.000000
2138.000000
924.000000
1388.000000
1447.000000
3420.000000
2085.000000
253.000000
605.000000
542.000000
480.000000
1047.000000
2051.000000
744.000000
1925.000000
1110.000000
1773.000000
270.000000
813.000000
1624.000000
1224.000000
1772.000000
633.000000
1001.000000
1859.000000
3093.000000
6174.000000
4379.000000
3895.000000
4736.000000
2370.000000
3191.000000
454.000000
1684.000000
14948.000000
15868.000000
15754.000000
11066.000000
11977.000000
12923.000000
12301.000000
13356.000000
14400.000000
11967.000000
13752.000000
5942.000000
4510.000000
6765.000000
3344.000000
3966.000000
312.000000
1043.000000
964.000000
2675.000000
4032.000000
4558.000000
6783.000000
6881.000000
7563.000000
6544.000000
7794.000000
7024.000000
3455.000000
1012.000000
629.000000
840.000000
1598.000000
3551.000000
669.000000
2139.000000
868.000000
719.000000
3620.000000
2689.000000
4245.000000
2257.000000
3111.000000
1658.000000
4859.000000
5277.000000
6247.000000
4941.000000
6444.000000
5772.000000
6548.000000
4211.000000
1426.000000
2280.000000
1006.000000
552.000000
275.000000
1665.000000
3092.000000
5063.000000
2453.000000
3166.000000
4022.000000
1708.000000
782.000000
197.000000
505.000000
380.000000
2664.000000
3104.000000
4216.000000
770.000000
567.000000
795.000000
1241.000000
671.000000
181.000000
1249.000000
311.000000
2695.000000
3838.000000
5043.000000
17290.000000
16802.000000
15858.000000
4474.000000
6063.000000
6223.000000
6106.000000
5182.000000
5875.000000
4829.000000
3696.000000
5097.000000
4317.000000
465.000000
1213.000000
1856.000000
664.000000
528.000000
1122.000000
354.000000
891.000000
490.000000
711.000000
1937.000000
2749.000000
509.000000
2436.000000
1714.000000
618.000000
203.000000
1827.000000
2839.000000
865.000000
1275.000000
550.000000
1912.000000
3630.000000
4611.000000
3888.000000
3650.000000
4035.000000
561.000000
475.000000
585.000000
446.000000
750.000000
1456.000000
3795.000000
4315.000000
5455.000000
3284.000000
989.000000
2141.000000
4091.000000
7492.000000
696.000000
801.000000
1458.000000
1575.000000
1579.000000
2000.000000
1112.000000
1562.000000
3272.000000
2070.000000
617.000000
464.000000
433.000000
598.000000
555.000000
869.000000
4840.000000
4022.000000
5011.000000
6697.000000
9213.000000
5897.000000
5065.000000
5481.000000
6508.000000
754.000000
1254.000000
2608.000000
661.000000
972.000000
313.000000
317.000000
430.000000
1040.000000
300.000000
245.000000
479.000000
266.000000
397.000000
430.000000
710.000000
2443.000000
776.000000
700.000000
935.000000
1458.000000
7362.000000
4510.000000
2358.000000
4708.000000
1633.000000
258.000000
115.000000
439.000000
398.000000
508.000000
1527.000000
2228.000000
354.000000
824.000000
630.000000
4248.000000
4612.000000
4749.000000
6351.000000
7168.000000
8188.000000
5636.000000
4228.000000
551.000000
1017.000000
772.000000
499.000000
887.000000
564.000000
550.000000
223.000000
252.000000
260.000000
657.000000
589.000000
954.000000
366.000000
1724.000000
2498.000000
171.000000
459.000000
2933.000000
3837.000000
4935.000000
6074.000000
3979.000000
2179.000000
918.000000
1802.000000
4455.000000
4942.000000
3585.000000
328.000000
512.000000
747.000000
188.000000
873.000000
411.000000
696.000000
872.000000
578.000000
963.000000
1539.000000
252.000000
150.000000
411.000000
1303.000000
2176.000000
2230.000000
5584.000000
5936.000000
4589.000000
1762.000000
234.000000
880.000000
380.000000
393.000000
511.000000
1422.000000
2836.000000
3108.000000
4768.000000
5880.000000
604.000000
261.000000
1480.000000
1697.000000
2936.000000
2486.000000
3454.000000
1618.000000
440.000000
806.000000
862.000000
946.000000
3214.000000
3300.000000
5648.000000
6749.000000
6838.000000
5471.000000
6343.000000
7141.000000
7331.000000
192.000000
914.000000
1368.000000
4825.000000
3928.000000
4809.000000
292.000000
1041.000000
2519.000000
4089.000000
7950.000000
9292.000000
8528.000000
7513.000000
8539.000000
8419.000000
8998.000000
1413.000000
1934.000000
3256.000000
215.000000
3884.000000
4996.000000
5767.000000
6522.000000
7047.000000
6898.000000
9157.000000
6437.000000
4434.000000
2224.000000
483.000000
1841.000000
4386.000000
6242.000000
5266.000000
4249.000000
6029.000000
6493.000000
3591.000000
1768.000000
4367.000000
3680.000000
4198.000000
619.000000
334.000000
361.000000
208.000000
887.000000
973.000000
1598.000000
1803.000000
2310.000000
945.000000
911.000000
3741.000000
4389.000000
5209.000000
6781.000000
6185.000000
7902.000000
7611.000000
8591.000000
6419.000000
5613.000000
6251.000000
894.000000
629.000000
392.000000
1389.000000
2018.000000
797.000000
898.000000
4433.000000
5053.000000
6528.000000
6795.000000
3112.000000
2067.000000
821.000000
430.000000
1440.000000
2067.000000
300.000000
457.000000
633.000000
754.000000
965.000000
1972.000000
431.000000
317.000000
1300.000000
1379.000000
3008.000000
4346.000000
5761.000000
6869.000000
7226.000000
4558.000000
1335.000000
4480.000000
6044.000000
4951.000000
6966.000000
5907.000000
4131.000000
3789.000000
1955.000000
4933.000000
3400.000000
4398.000000
5817.000000
4786.000000
2723.000000
1173.000000
1268.000000
930.000000
1739.000000
231.000000
1184.000000
3547.000000
2594.000000
2878.000000
768.000000
290.000000
715.000000
406.000000
463.000000
1229.000000
2862.000000
2246.000000
684.000000
2442.000000
2862.000000
1973.000000
758.000000
1367.000000
1996.000000
4778.000000
4433.000000
4862.000000
4050.000000
4710.000000
1098.000000
5240.000000
3736.000000
3872.000000
1157.000000
322.000000
251.000000
4975.000000
1101.000000
1713.000000
2666.000000
4028.000000
296.000000
683.000000
1493.000000
1796.000000
1018.000000
608.000000
2883.000000
4567.000000
2231.000000
951.000000
1659.000000
642.000000
295.000000
3207.000000
4014.000000
3798.000000
1898.000000
697.000000
1829.000000
3517.000000
4629.000000
795.000000
1162.000000
802.000000
488.000000
304.000000
1648.000000
4090.000000
2912.000000
3300.000000
626.000000
226.000000
844.000000
2022.000000
2280.000000
4726.000000
2246.000000
370.000000
3493.000000
4150.000000
4140.000000
3549.000000
327.000000
746.000000
3673.000000
5039.000000
3791.000000
2045.000000
4621.000000
5546.000000
5187.000000
5892.000000
1027.000000
1823.000000
3083.000000
4197.000000
4274.000000
5629.000000
6376.000000
4732.000000
299.000000
1889.000000
2547.000000
4306.000000
2442.000000
1631.000000
1026.000000
224.000000
592.000000
562.000000
1332.000000
2746.000000
1802.000000
1078.000000
2000.000000
1747.000000
2306.000000
3483.000000
1930.000000
884.000000
243.000000
13052.000000
16083.000000
8871.000000
9759.000000
11804.000000
12415.000000
12506.000000
8686.000000
7706.000000
7890.000000
6575.000000
1934.000000
675.000000
216.000000
983.000000
434.000000
352.000000
2000.000000
1397.000000
527.000000
1845.000000
1821.000000
782.000000
480.000000
937.000000
1982.000000
890.000000
829.000000
892.000000
1832.000000
3976.000000
5083.000000
1479.000000
287.000000
3534.000000
5044.000000
6195.000000
6840.000000
7488.000000
6673.000000
5286.000000
6933.000000
2187.000000
226.000000
750.000000
1655.000000
796.000000
495.000000
437.000000
1598.000000
3067.000000
2667.000000
1982.000000
245.000000
1137.000000
974.000000
284.000000
799.000000
934.000000
2453.000000
3331.000000
3809.000000
510.000000
1488.000000
2269.000000
248.000000
357.000000
584.000000
1108.000000
3002.000000
3594.000000
500.000000
889.000000
1013.000000
1441.000000
227.000000
1622.000000
4398.000000
5976.000000
4380.000000
651.000000
610.000000
1703.000000
2099.000000
556.000000
417.000000
258.000000
1017.000000
597.000000
333.000000
219.000000
850.000000
2160.000000
4459.000000
3026.000000
4003.000000
4938.000000
857.000000
808.000000
1585.000000
1022.000000
1461.000000
1866.000000
3289.000000
3885.000000
1423.000000
2295.000000
816.000000
718.000000
1256.000000
159.000000
813.000000
321.000000
342.000000
2118.000000
5671.000000
6579.000000
8132.000000
7959.000000
8380.000000
8869.000000
8453.000000
8026.000000
553.000000
1903.000000
1925.000000
1212.000000
2375.000000
3169.000000
3490.000000
2484.000000
270.000000
1077.000000
685.000000
258.000000
2117.000000
4340.000000
4524.000000
5092.000000
3022.000000
882.000000
619.000000
160.000000
584.000000
260.000000
1956.000000
2494.000000
4702.000000
2450.000000
3613.000000
1926.000000
290.000000
254.000000
392.000000
2237.000000
4052.000000
5066.000000
5411.000000
5213.000000
5195.000000
4358.000000
479.000000
264.000000
1360.000000
3543.000000
2021.000000
770.000000
2101.000000
1430.000000
3546.000000
5622.000000
7099.000000
6893.000000
7672.000000
8885.000000
11146.000000
10351.000000
6357.000000
6901.000000
7773.000000
4979.000000
3034.000000
3754.000000
1914.000000
370.000000
1488.000000
1990.000000
2828.000000
201.000000
205.000000
5562.000000
5000.000000
6037.000000
7161.000000
5842.000000
5139.000000
2702.000000
3841.000000
863.000000
1167.000000
642.000000
1068.000000
688.000000
1590.000000
874.000000
1764.000000
698.000000
250.000000
564.000000
851.000000
1250.000000
1716.000000
601.000000
969.000000
1209.000000
2271.000000
978.000000
1663.000000
1662.000000
940.000000
1513.000000
782.000000
870.000000
2231.000000
720.000000
2217.000000
1020.000000
1524.000000
728.000000
1419.000000
2459.000000
3905.000000
1085.000000
505.000000
1270.000000
2713.000000
348.000000
251.000000
218.000000
1712.000000
3921.000000
5513.000000
5532.000000
6390.000000
8836.000000
6213.000000
6467.000000
5595.000000
8420.000000
7002.000000
5424.000000
6250.000000
7004.000000
1376.000000
1169.000000
532.000000
2867.000000
2452.000000
438.000000
922.000000
856.000000
218.000000
1024.000000
1631.000000
1411.000000
2205.000000
2346.000000
1987.000000
2571.000000
3512.000000
3075.000000
2053.000000
1788.000000
294.000000
1079.000000
3057.000000
1325.000000
253.000000
1011.000000
690.000000
169.000000
451.000000
3733.000000
4562.000000
2113.000000
1184.000000
2256.000000
2509.000000
572.000000
1843.000000
1056.000000
250.000000
1164.000000
2043.000000
347.000000
220.000000
1387.000000
314.000000
570.000000
730.000000
281.000000
293.000000
453.000000
502.000000
859.000000
2676.000000
1955.000000
470.000000
1750.000000
4652.000000
4155.000000
5330.000000
6101.000000
4988.000000
333.000000
611.000000
1202.000000
1124.000000
1639.000000
2346.000000
753.000000
1722.000000
2057.000000
1878.000000
3504.000000
247.000000
846.000000
163.000000
354.000000
380.000000
672.000000
607.000000
1049.000000
5707.000000
2540.000000
3250.000000
3315.000000
1790.000000
1880.000000
621.000000
1459.000000
1710.000000
224.000000
624.000000
347.000000
586.000000
2667.000000
3722.000000
5225.000000
2511.000000
126.000000
774.000000
1866.000000
2696.000000
411.000000
443.000000
1800.000000
1480.000000
2118.000000
2786.000000
459.000000
247.000000
2666.000000
3893.000000
4482.000000
5352.000000
5407.000000
7113.000000
4140.000000
4597.000000
4476.000000
2698.000000
1993.000000
1294.000000
1359.000000
2509.000000
2101.000000
916.000000
1605.000000
1139.000000
1158.000000
1295.000000
1484.000000
1437.000000
1799.000000
2944.000000
499.000000
1656.000000
2888.000000
519.000000
701.000000
361.000000
179.000000
327.000000
2109.000000
2369.000000
4218.000000
2913.000000
3780.000000
1686.000000
2505.000000
428.000000
825.000000
283.000000
763.000000
252.000000
262.000000
320.000000
316.000000
391.000000
1810.000000
2614.000000
3488.000000
975.000000
1739.000000
526.000000
649.000000
910.000000
721.000000
6373.000000
6397.000000
1003.000000
1520.000000
554.000000
204.000000
428.000000
1807.000000
2069.000000
3421.000000
1424.000000
2977.000000
168.000000
713.000000
1535.000000
2805.000000
2223.000000
801.000000
4846.000000
1981.000000
928.000000
482.000000
557.000000
1418.000000
586.000000
824.000000
2772.000000
2768.000000
2741.000000
3902.000000
4196.000000
4082.000000
5451.000000
3828.000000
2453.000000
810.000000
402.000000
546.000000
635.000000
683.000000
635.000000
653.000000
505.000000
556.000000
3303.000000
3518.000000
5389.000000
7482.000000
5143.000000
5943.000000
6062.000000
6585.000000
3569.000000
907.000000
2455.000000
1469.000000
1424.000000
2521.000000
5054.000000
2046.000000
648.000000
2105.000000
2222.000000
3830.000000
2097.000000
914.000000
815.000000
784.000000
1671.000000
1151.000000
2140.000000
1745.000000
2426.000000
3709.000000
2180.000000
227.000000
817.000000
1046.000000
2347.000000
2302.000000
1353.000000
1918.000000
2479.000000
3451.000000
3011.000000
273.000000
835.000000
812.000000
1209.000000
1953.000000
1717.000000
2415.000000
843.000000
1649.000000
2346.000000
5247.000000
4123.000000
4492.000000
433.000000
350.000000
1473.000000
2828.000000
1795.000000
2687.000000
3665.000000
1345.000000
2044.000000
230.000000
307.000000
1450.000000
619.000000
959.000000
2006.000000
2966.000000
4092.000000
1928.000000
3020.000000
5501.000000
4711.000000
5250.000000
6072.000000
3590.000000
4536.000000
3462.000000
3792.000000
3671.000000
3977.000000
522.000000
340.000000
438.000000
427.000000
548.000000
772.000000
2879.000000
1498.000000
4315.000000
5067.000000
869.000000
1093.000000
875.000000
1613.000000
2362.000000
820.000000
1810.000000
728.000000
444.000000
1446.000000
2541.000000
478.000000
1979.000000
3628.000000
2099.000000
1895.000000
3974.000000
4236.000000
3767.000000
6316.000000
6855.000000
4255.000000
4891.000000
5647.000000
6248.000000
207.000000
761.000000
334.000000
995.000000
2103.000000
604.000000
575.000000
659.000000
1750.000000
1635.000000
2215.000000
1020.000000
429.000000
1932.000000
2376.000000
730.000000
1357.000000
1268.000000
1809.000000
331.000000
306.000000
468.000000
203.000000
265.000000
162.000000
754.000000
338.000000
5980.000000
2343.000000
930.000000
1825.000000
799.000000
850.000000
2166.000000
112.000000
377.000000
207.000000
1521.000000
2134.000000
595.000000
1394.000000
1540.000000
4152.000000
5473.000000
8278.000000
8759.000000
7764.000000
8529.000000
9437.000000
7763.000000
455.000000
311.000000
483.000000
2029.000000
2721.000000
4404.000000
654.000000
746.000000
654.000000
508.000000
715.000000
2433.000000
2863.000000
3287.000000
4904.000000
3049.000000
2005.000000
1179.000000
492.000000
208.000000
2331.000000
4418.000000
5770.000000
4888.000000
5730.000000
4469.000000
461.000000
554.000000
617.000000
2401.000000
3651.000000
4824.000000
4474.000000
3653.000000
3550.000000
1228.000000
2327.000000
4883.000000
5592.000000
6178.000000
4146.000000
991.000000
1383.000000
1225.000000
217.000000
1302.000000
1715.000000
1574.000000
439.000000
807.000000
944.000000
361.000000
1821.000000
2058.000000
592.000000
651.000000
1331.000000
2020.000000
902.000000
1810.000000
2312.000000
5132.000000
5048.000000
3706.000000
416.000000
515.000000
1513.000000
1921.000000
698.000000
915.000000
1378.000000
2388.000000
458.000000
1136.000000
1155.000000
293.000000
685.000000
1559.000000
2397.000000
3472.000000
2630.000000
837.000000
1614.000000
557.000000
1294.000000
2286.000000
320.000000
1869.000000
2103.000000
190.000000
810.000000
537.000000
1826.000000
556.000000
2692.000000
3538.000000
5497.000000
1336.000000
2683.000000
788.000000
1977.000000
885.000000
262.000000
335.000000
987.000000
3721.000000
4803.000000
5806.000000
7851.000000
6423.000000
7041.000000
4940.000000
396.000000
1257.000000
1840.000000
2658.000000
2164.000000
4023.000000
2892.000000
2317.000000
416.000000
192.000000
945.000000
1622.000000
3010.000000
3180.000000
733.000000
1096.000000
7566.000000
3605.000000
4339.000000
4105.000000
2413.000000
1339.000000
1984.000000
4155.000000
5153.000000
9790.000000
11013.000000
6345.000000
5639.000000
5975.000000
6708.000000
7014.000000
468.000000
1049.000000
1640.000000
2518.000000
2859.000000
184.000000
574.000000
2185.000000
584.000000
1038.000000
997.000000
3221.000000
2436.000000
649.000000
2503.000000
3002.000000
4488.000000
4210.000000
3694.000000
3965.000000
1715.000000
233.000000
808.000000
242.000000
940.000000
1505.000000
1172.000000
576.000000
425.000000
475.000000
659.000000
1939.000000
176.000000
1408.000000
1443.000000
616.000000
760.000000
1436.000000
1825.000000
925.000000
1862.000000
593.000000
592.000000
3407.000000
2265.000000
282.000000
2677.000000
4104.000000
6265.000000
5883.000000
6838.000000
7505.000000
8147.000000
8236.000000
2658.000000
3738.000000
2342.000000
4434.000000
5596.000000
5674.000000
5985.000000
3827.000000
3819.000000
2829.000000
1448.000000
1182.000000
3355.000000
3410.000000
4596.000000
2590.000000
1857.000000
346.000000
621.000000
1112.000000
624.000000
2052.000000
1014.000000
654.000000
784.000000
686.000000
1202.000000
852.000000
817.000000
893.000000
2003.000000
1127.000000
3845.000000
3381.000000
4188.000000
4658.000000
1266.000000
3603.000000
669.000000
1596.000000
2864.000000
864.000000
1857.000000
1019.000000
1294.000000
364.000000
1434.000000
2619.000000
3356.000000
569.000000
671.000000
1540.000000
972.000000
1661.000000
654.000000
339.000000
372.000000
696.000000
665.000000
1073.000000
580.000000
656.000000
1021.000000
330.000000
752.000000
302.000000
935.000000
1395.000000
591.000000
1349.000000
357.000000
871.000000
1732.000000
1051.000000
1258.000000
259.000000
646.000000
1489.000000
2794.000000
2321.000000
755.000000
978.000000
613.000000
310.000000
190.000000
1183.000000
1612.000000
2194.000000
2389.000000
1107.000000
1727.000000
1403.000000
2702.000000
495.000000
339.000000
763.000000
173.000000
502.000000
2662.000000
2371.000000
3378.000000
374.000000
203.000000
500.000000
1851.000000
2117.000000
2938.000000
1517.000000
882.000000
794.000000
1353.000000
190.000000
4663.000000
1276.000000
1353.000000
846.000000
4669.000000
3182.000000
4151.000000
259.000000
2225.000000
2006.000000
1333.000000
768.000000
1075.000000
2817.000000
2323.000000
657.000000
3074.000000
5504.000000
7161.000000
8274.000000
7273.000000
7578.000000
6697.000000
1661.000000
2792.000000
731.000000
780.000000
293.000000
9728.000000
6277.000000
5605.000000
4964.000000
5915.000000
787.000000
788.000000
2043.000000
2997.000000
4000.000000
3640.000000
2980.000000
211.000000
344.000000
474.000000
1567.000000
3283.000000
13001.000000
12177.000000
829.000000
1086.000000
3598.000000
2166.000000
307.000000
718.000000
1384.000000
670.000000
510.000000
1154.000000
791.000000
1291.000000
1938.000000
578.000000
652.000000
2255.000000
5255.000000
5898.000000
5787.000000
6281.000000
8206.000000
1610.000000
881.000000
658.000000
1911.000000
2459.000000
196.000000
924.000000
888.000000
1609.000000
2542.000000
4741.000000
4834.000000
4420.000000
635.000000
278.000000
1271.000000
2618.000000
2312.000000
3607.000000
4558.000000
5481.000000
5004.000000
525.000000
991.000000
1899.000000
3200.000000
5753.000000
11321.000000
13618.000000
13831.000000
14490.000000
8946.000000
10695.000000
11859.000000
11698.000000
10832.000000
868.000000
663.000000
677.000000
899.000000
227.000000
758.000000
2832.000000
2121.000000
1197.000000
1823.000000
572.000000
298.000000
276.000000
440.000000
337.000000
2191.000000
4693.000000
4526.000000
5056.000000
7996.000000
6998.000000
7989.000000
5744.000000
6439.000000
497.000000
179.000000
950.000000
632.000000
195.000000
1674.000000
1887.000000
4818.000000
11288.000000
13971.000000
14727.000000
9431.000000
7917.000000
4868.000000
584.000000
846.000000
432.000000
2580.000000
564.000000
1896.000000
210.000000
786.000000
209.000000
1622.000000
2462.000000
3599.000000
1304.000000
2017.000000
2974.000000
4486.000000
305.000000
1739.000000
3622.000000
3189.000000
3594.000000
3089.000000
3593.000000
1197.000000
562.000000
1433.000000
2349.000000
3003.000000
1696.000000
787.000000
207.000000
164.000000
1787.000000
1267.000000
1389.000000
1556.000000
1015.000000
1738.000000
682.000000
2294.000000
1884.000000
1438.000000
1896.000000
2740.000000
265.000000
483.000000
821.000000
533.000000
595.000000
282.000000
476.000000
1058.000000
1072.000000
1569.000000
484.000000
1978.000000
1661.000000
574.000000
858.000000
843.000000
1587.000000
1417.000000
2439.000000
4865.000000
3453.000000
3823.000000
4567.000000
162.000000
2485.000000
2963.000000
3687.000000
4612.000000
5910.000000
1198.000000
3576.000000
3599.000000
4116.000000
4854.000000
1350.000000
175.000000
442.000000
256.000000
1278.000000
2264.000000
275.000000
271.000000
769.000000
370.000000
707.000000
1041.000000
1925.000000
929.000000
2215.000000
612.000000
537.000000
1046.000000
1829.000000
1694.000000
1511.000000
2306.000000
1942.000000
433.000000
689.000000
757.000000
860.000000
1151.000000
413.000000
1613.000000
3615.000000
4317.000000
4723.000000
3974.000000
2045.000000
211.000000
1790.000000
2735.000000
2652.000000
560.000000
554.000000
922.000000
381.000000
633.000000
815.000000
1139.000000
3710.000000
3678.000000
5600.000000
7006.000000
6449.000000
6568.000000
7569.000000
6856.000000
7456.000000
5959.000000
927.000000
1286.000000
1196.000000
3015.000000
1127.000000
1315.000000
385.000000
1132.000000
2308.000000
1577.000000
1809.000000
602.000000
472.000000
761.000000
553.000000
548.000000
878.000000
283.000000
362.000000
699.000000
281.000000
193.000000
828.000000
326.000000
702.000000
2391.000000
3513.000000
2287.000000
3354.000000
183.000000
1291.000000
2461.000000
2423.000000
3516.000000
3979.000000
6386.000000
5256.000000
3765.000000
3918.000000
1048.000000
628.000000
2230.000000
690.000000
299.000000
1128.000000
4070.000000
3679.000000
1802.000000
3496.000000
2295.000000
356.000000
410.000000
731.000000
1473.000000
333.000000
1045.000000
273.000000
1141.000000
481.000000
702.000000
396.000000
493.000000
1328.000000
2570.000000
5277.000000
2680.000000
4333.000000
641.000000
1987.000000
1964.000000
1506.000000
874.000000
1272.000000
2443.000000
1276.000000
2708.000000
4579.000000
4619.000000
3552.000000
325.000000
522.000000
1023.000000
1841.000000
2467.000000
3774.000000
4248.000000
5576.000000
5427.000000
1395.000000
2055.000000
1650.000000
229.000000
282.000000
406.000000
641.000000
429.000000
877.000000
982.000000
917.000000
422.000000
645.000000
388.000000
612.000000
2426.000000
4929.000000
5761.000000
6977.000000
5525.000000
6233.000000
4893.000000
1549.000000
421.000000
661.000000
899.000000
381.000000
1265.000000
2143.000000
699.000000
210.000000
248.000000
1632.000000
2114.000000
3992.000000
2749.000000
1245.000000
2436.000000
1868.000000
1043.000000
234.000000
3510.000000
4785.000000
6348.000000
7874.000000
8119.000000
9563.000000
9002.000000
8855.000000
9695.000000
8422.000000
6063.000000
183.000000
328.000000
1059.000000
1804.000000
5356.000000
4358.000000
5019.000000
6396.000000
2281.000000
3357.000000
204.000000
1678.000000
3559.000000
3897.000000
2272.000000
833.000000
1074.000000
2025.000000
3216.000000
4308.000000
3693.000000
4500.000000
2761.000000
1647.000000
2110.000000
1620.000000
1211.000000
1471.000000
590.000000
210.000000
665.000000
1976.000000
1722.000000
783.000000
364.000000
184.000000
2035.000000
3047.000000
4461.000000
541.000000
1214.000000
973.000000
1367.000000
795.000000
495.000000
615.000000
1176.000000
6551.000000
3097.000000
4377.000000
2673.000000
236.000000
612.000000
1758.000000
3610.000000
3556.000000
4168.000000
4081.000000
1452.000000
265.000000
728.000000
291.000000
1400.000000
5995.000000
1334.000000
4407.000000
6555.000000
5869.000000
7319.000000
7224.000000
6207.000000
643.000000
393.000000
639.000000
385.000000
498.000000
1334.000000
2065.000000
125.000000
743.000000
241.000000
889.000000
1841.000000
4569.000000
5277.000000
5825.000000
6376.000000
2694.000000
3553.000000
1400.000000
3632.000000
1820.000000
2703.000000
3748.000000
1386.000000
1231.000000
822.000000
1339.000000
520.000000
2743.000000
908.000000
705.000000
777.000000
1015.000000
613.000000
1573.000000
3330.000000
2071.000000
642.000000
728.000000
1760.000000
2581.000000
3594.000000
998.000000
2341.000000
540.000000
638.000000
674.000000
703.000000
1418.000000
736.000000
2127.000000
3397.000000
4243.000000
2459.000000
3423.000000
3606.000000
526.000000
749.000000
1473.000000
2514.000000
5446.000000
2851.000000
1062.000000
1978.000000
2380.000000
794.000000
1904.000000
2511.000000
4597.000000
2297.000000
334.000000
2514.000000
3161.000000
3537.000000
390.000000
402.000000
1486.000000
515.000000
719.000000
894.000000
2175.000000
838.000000
1089.000000
2663.000000
1828.000000
705.000000
656.000000
673.000000
3040.000000
2139.000000
315.000000
587.000000
651.000000
740.000000
831.000000
490.000000
568.000000
380.000000
874.000000
1417.000000
570.000000
2544.000000
3220.000000
5385.000000
2523.000000
3451.000000
155.000000
743.000000
508.000000
358.000000
3681.000000
3453.000000
1064.000000
886.000000
878.000000
194.000000
1273.000000
3146.000000
3268.000000
3350.000000
2510.000000
4568.000000
1841.000000
756.000000
632.000000
633.000000
292.000000
866.000000
267.000000
1493.000000
2565.000000
1747.000000
1855.000000
2720.000000
1768.000000
1265.000000
353.000000
396.000000
594.000000
1351.000000
4188.000000
3307.000000
4088.000000
2479.000000
3095.000000
224.000000
9201.000000
10835.000000
4413.000000
245.000000
1052.000000
766.000000
596.000000
1784.000000
1653.000000
1752.000000
2489.000000
1115.000000
1145.000000
2048.000000
343.000000
694.000000
407.000000
277.000000
179.000000
956.000000
1785.000000
661.000000
450.000000
763.000000
1479.000000
1035.000000
1271.000000
2385.000000
1544.000000
1061.000000
3642.000000
5220.000000
5143.000000
6727.000000
7852.000000
3226.000000
324.000000
1050.000000
2434.000000
450.000000
286.000000
3325.000000
3915.000000
848.000000
154.000000
220.000000
418.000000
144.000000
266.000000
396.000000
592.000000
418.000000
138.000000
444.000000
251.000000
661.000000
1789.000000
3622.000000
3370.000000
3694.000000
2080.000000
1232.000000
491.000000
166.000000
175.000000
764.000000
1503.000000
2118.000000
1228.000000
2027.000000
1266.000000
1160.000000
1513.000000
2363.000000
250.000000
862.000000
1392.000000
552.000000
644.000000
125.000000
163.000000
835.000000
1689.000000
1626.000000
833.000000
1260.000000
1620.000000
2386.000000
1704.000000
4200.000000
856.000000
2590.000000
1986.000000
694.000000
373.000000
341.000000
385.000000
436.000000
535.000000
452.000000
328.000000
952.000000
2927.000000
527.000000
534.000000
260.000000
222.000000
426.000000
10059.000000
8396.000000
9473.000000
7737.000000
9038.000000
10130.000000
10786.000000
10132.000000
23410.000000
2307.000000
945.000000
761.000000
493.000000
1601.000000
2150.000000
744.000000
1235.000000
3417.000000
2497.000000
3235.000000
1537.000000
454.000000
599.000000
427.000000
583.000000
2844.000000
3036.000000
2921.000000
1760.000000
2869.000000
3919.000000
252.000000
501.000000
412.000000
1264.000000
1693.000000
283.000000
257.000000
376.000000
607.000000
669.000000
363.000000
178.000000
374.000000
1217.000000
1929.000000
3575.000000
6735.000000
769.000000
2058.000000
916.000000
2378.000000
2635.000000
630.000000
601.000000
4201.000000
3926.000000
5063.000000
6682.000000
7245.000000
6530.000000
583.000000
1281.000000
1903.000000
1372.000000
2498.000000
3870.000000
783.000000
6166.000000
3617.000000
2154.000000
1081.000000
238.000000
455.000000
1007.000000
2293.000000
7912.000000
9523.000000
10200.000000
9431.000000
5516.000000
799.000000
1603.000000
1214.000000
1858.000000
631.000000
629.000000
987.000000
783.000000
865.000000
2147.000000
327.000000
233.000000
704.000000
1151.000000
611.000000
330.000000
1068.000000
2332.000000
3762.000000
3566.000000
2882.000000
563.000000
291.000000
660.000000
391.000000
2394.000000
3006.000000
2434.000000
5028.000000
463.000000
447.000000
595.000000
703.000000
1990.000000
2630.000000
514.000000
1251.000000
1047.000000
1289.000000
2278.000000
1268.000000
4176.000000
3776.000000
4837.000000
6325.000000
7255.000000
948.000000
724.000000
1424.000000
2260.000000
349.000000
239.000000
802.000000
531.000000
631.000000
1839.000000
773.000000
285.000000
2841.000000
2802.000000
1307.000000
4235.000000
4887.000000
5939.000000
6931.000000
4871.000000
368.000000
3175.000000
2609.000000
3032.000000
1141.000000
1819.000000
650.000000
854.000000
1615.000000
1015.000000
1252.000000
578.000000
1419.000000
248.000000
1217.000000
163.000000
680.000000
510.000000
198.000000
584.000000
265.000000
941.000000
1703.000000
1908.000000
3110.000000
1706.000000
2165.000000
1433.000000
1922.000000
292.000000
892.000000
388.000000
1169.000000
960.000000
469.000000
1042.000000
1997.000000
2014.000000
2082.000000
561.000000
311.000000
1416.000000
3008.000000
416.000000
604.000000
1267.000000
496.000000
528.000000
1359.000000
3032.000000
3186.000000
463.000000
746.000000
250.000000
648.000000
966.000000
187.000000
350.000000
284.000000
659.000000
1109.000000
622.000000
2033.000000
2773.000000
1769.000000
837.000000
1080.000000
744.000000
244.000000
431.000000
583.000000
471.000000
365.000000
199.000000
165.000000
1877.000000
3096.000000
3260.000000
472.000000
1502.000000
3520.000000
10115.000000
3519.000000
3212.000000
1724.000000
2156.000000
921.000000
368.000000
568.000000
914.000000
1656.000000
1274.000000
1916.000000
518.000000
373.000000
1171.000000
6682.000000
2416.000000
574.000000
1530.000000
3243.000000
2332.000000
3115.000000
257.000000
987.000000
836.000000
5557.000000
3718.000000
4649.000000
6406.000000
4807.000000
4985.000000
2068.000000
4475.000000
1516.000000
2426.000000
2952.000000
217.000000
473.000000
779.000000
450.000000
678.000000
908.000000
911.000000
1919.000000
354.000000
1089.000000
1962.000000
4197.000000
6356.000000
5995.000000
613.000000
791.000000
2659.000000
4202.000000
3751.000000
4429.000000
5180.000000
6514.000000
1247.000000
3331.000000
625.000000
1406.000000
2231.000000
9277.000000
8249.000000
6255.000000
5509.000000
4642.000000
5199.000000
235.000000
607.000000
824.000000
609.000000
396.000000
432.000000
1914.000000
3109.000000
4210.000000
1925.000000
416.000000
279.000000
637.000000
269.000000
621.000000
527.000000
521.000000
565.000000
2031.000000
2204.000000
140.000000
223.000000
1011.000000
631.000000
1389.000000
2164.000000
736.000000
804.000000
2098.000000
523.000000
351.000000
1805.000000
488.000000
1003.000000
3882.000000
3836.000000
3866.000000
730.000000
839.000000
429.000000
254.000000
2080.000000
2915.000000
3669.000000
829.000000
930.000000
297.000000
783.000000
1892.000000
2390.000000
560.000000
1173.000000
372.000000
416.000000
1109.000000
5100.000000
6403.000000
6926.000000
7689.000000
8144.000000
8609.000000
1806.000000
618.000000
3864.000000
5543.000000
20090.000000
21567.000000
19607.000000
2965.000000
364.000000
517.000000
631.000000
310.000000
1099.000000
3304.000000
3266.000000
6472.000000
4745.000000
4927.000000
5730.000000
1248.000000
2014.000000
883.000000
637.000000
1367.000000
608.000000
573.000000
448.000000
568.000000
822.000000
837.000000
1401.000000
263.000000
973.000000
1429.000000
974.000000
2262.000000
387.000000
332.000000
796.000000
771.000000
2168.000000
3749.000000
4332.000000
4941.000000
5730.000000
5219.000000
4879.000000
1390.000000
306.000000
1174.000000
2052.000000
1569.000000
5780.000000
5075.000000
5331.000000
5487.000000
6882.000000
2991.000000
3891.000000
5578.000000
4543.000000
4608.000000
4094.000000
1668.000000
462.000000
724.000000
542.000000
378.000000
1502.000000
2178.000000
631.000000
1019.000000
749.000000
267.000000
792.000000
740.000000
694.000000
376.000000
3066.000000
3434.000000
4196.000000
4896.000000
4159.000000
5191.000000
4344.000000
1280.000000
3083.000000
1810.000000
395.000000
981.000000
383.000000
1004.000000
751.000000
245.000000
779.000000
2671.000000
1173.000000
2936.000000
1998.000000
775.000000
588.000000
1534.000000
2387.000000
499.000000
276.000000
353.000000
380.000000
1442.000000
4565.000000
2608.000000
4581.000000
5139.000000
6846.000000
5327.000000
4162.000000
2462.000000
1886.000000
2319.000000
564.000000
842.000000
2507.000000
3094.000000
2567.000000
1684.000000
614.000000
796.000000
968.000000
4029.000000
3857.000000
4695.000000
4890.000000
6113.000000
1846.000000
3143.000000
1145.000000
1880.000000
1899.000000
2466.000000
843.000000
679.000000
1458.000000
317.000000
267.000000
1220.000000
1592.000000
2041.000000
2469.000000
2902.000000
161.000000
913.000000
1716.000000
1989.000000
2398.000000
577.000000
283.000000
236.000000
943.000000
1959.000000
1157.000000
1902.000000
2006.000000
1090.000000
303.000000
898.000000
1524.000000
2923.000000
2529.000000
2071.000000
841.000000
1013.000000
660.000000
3211.000000
3953.000000
5160.000000
6086.000000
6651.000000
3465.000000
813.000000
502.000000
1332.000000
323.000000
1119.000000
1622.000000
2239.000000
2898.000000
4775.000000
2479.000000
3874.000000
2597.000000
1783.000000
2698.000000
1036.000000
2263.000000
1363.000000
2238.000000
519.000000
873.000000
1461.000000
226.000000
1383.000000
3130.000000
1112.000000
1885.000000
2121.000000
2604.000000
4218.000000
1894.000000
1569.000000
1998.000000
2248.000000
419.000000
613.000000
1069.000000
1162.000000
360.000000
723.000000
1743.000000
294.000000
491.000000
929.000000
597.000000
1217.000000
924.000000
278.000000
543.000000
820.000000
209.000000
566.000000
390.000000
1538.000000
570.000000
1371.000000
396.000000
613.000000
567.000000
1666.000000
6121.000000
1276.000000
3234.000000
2126.000000
3894.000000
2045.000000
812.000000
760.000000
996.000000
1695.000000
198.000000
1369.000000
3679.000000
1865.000000
3516.000000
2046.000000
3179.000000
3809.000000
3230.000000
171.000000
652.000000
778.000000
589.000000
386.000000
987.000000
2014.000000
4174.000000
3862.000000
3840.000000
5240.000000
273.000000
2885.000000
3667.000000
3805.000000
4741.000000
202.000000
3074.000000
5287.000000
5664.000000
6536.000000
6735.000000
6797.000000
6959.000000
1769.000000
340.000000
235.000000
597.000000
2491.000000
5262.000000
6417.000000
8138.000000
8073.000000
8342.000000
7740.000000
7115.000000
8259.000000
8934.000000
9738.000000
9421.000000
233.000000
1692.000000
3029.000000
2099.000000
3197.000000
1640.000000
4620.000000
3329.000000
4608.000000
5811.000000
584.000000
420.000000
1239.000000
1603.000000
957.000000
1582.000000
975.000000
1874.000000
4946.000000
5745.000000
5089.000000
4581.000000
841.000000
1361.000000
332.000000
691.000000
896.000000
997.000000
2303.000000
2403.000000
4759.000000
5674.000000
3552.000000
261.000000
1369.000000
1436.000000
1965.000000
2787.000000
3232.000000
3163.000000
313.000000
363.000000
1310.000000
1780.000000
4040.000000
3008.000000
3952.000000
3033.000000
643.000000
2667.000000
1665.000000
798.000000
548.000000
768.000000
663.000000
481.000000
640.000000
399.000000
584.000000
941.000000
2960.000000
3082.000000
328.000000
1037.000000
1832.000000
997.000000
1215.000000
959.000000
1471.000000
1812.000000
304.000000
494.000000
2565.000000
3347.000000
3241.000000
1717.000000
307.000000
797.000000
495.000000
771.000000
555.000000
609.000000
1807.000000
3106.000000
2025.000000
717.000000
1370.000000
3798.000000
3616.000000
4356.000000
3679.000000
658.000000
2837.000000
4114.000000
4439.000000
2044.000000
1008.000000
3521.000000
2870.000000
3897.000000
1396.000000
1311.000000
504.000000
1041.000000
889.000000
781.000000
1675.000000
1955.000000
3322.000000
2339.000000
909.000000
1414.000000
1036.000000
8248.000000
2585.000000
3526.000000
3757.000000
2078.000000
312.000000
803.000000
1520.000000
1782.000000
552.000000
214.000000
1404.000000
708.000000
2057.000000
3766.000000
4128.000000
3135.000000
4521.000000
591.000000
559.000000
1204.000000
1130.000000
1977.000000
2317.000000
173.000000
361.000000
1462.000000
1528.000000
735.000000
2462.000000
3370.000000
3450.000000
460.000000
416.000000
1118.000000
1661.000000
2815.000000
1643.000000
2226.000000
449.000000
1169.000000
2031.000000
287.000000
913.000000
180.000000
627.000000
694.000000
494.000000
1209.000000
233.000000
1229.000000
1949.000000
198.000000
2022.000000
991.000000
1365.000000
1967.000000
3743.000000
1778.000000
716.000000
1439.000000
2044.000000
3327.000000
791.000000
718.000000
254.000000
1047.000000
1530.000000
586.000000
478.000000
549.000000
1513.000000
323.000000
178.000000
733.000000
979.000000
1585.000000
780.000000
941.000000
2028.000000
878.000000
572.000000
178.000000
311.000000
1825.000000
5655.000000
6209.000000
5708.000000
5796.000000
7180.000000
3877.000000
546.000000
1273.000000
1984.000000
695.000000
541.000000
862.000000
942.000000
1519.000000
3006.000000
3975.000000
4255.000000
2307.000000
702.000000
567.000000
932.000000
1235.000000
2297.000000
469.000000
621.000000
1749.000000
183.000000
1422.000000
1374.000000
2261.000000
272.000000
1714.000000
2262.000000
2206.000000
1725.000000
3405.000000
4764.000000
6033.000000
5591.000000
3997.000000
1781.000000
1469.000000
2563.000000
802.000000
917.000000
1389.000000
2836.000000
965.000000
264.000000
1353.000000
1847.000000
2518.000000
4628.000000
2528.000000
457.000000
687.000000
831.000000
788.000000
1378.000000
2366.000000
3083.000000
4334.000000
453.000000
666.000000
794.000000
2371.000000
3281.000000
2396.000000
2289.000000
2155.000000
2504.000000
2275.000000
2288.000000
369.000000
1174.000000
371.000000
1365.000000
2403.000000
937.000000
1250.000000
2176.000000
4149.000000
2059.000000
2499.000000
887.000000
850.000000
803.000000
1572.000000
1408.000000
943.000000
703.000000
1717.000000
2495.000000
4530.000000
1921.000000
422.000000
2353.000000
4124.000000
5166.000000
4760.000000
664.000000
875.000000
1478.000000
2202.000000
789.000000
651.000000
731.000000
149.000000
510.000000
1332.000000
2047.000000
1969.000000
2809.000000
4297.000000
5551.000000
3774.000000
600.000000
979.000000
562.000000
528.000000
1682.000000
2305.000000
923.000000
207.000000
963.000000
211.000000
679.000000
226.000000
1319.000000
3357.000000
2109.000000
442.000000
1330.000000
881.000000
1832.000000
3879.000000
4411.000000
5007.000000
4484.000000
5182.000000
5455.000000
1571.000000
2190.000000
961.000000
1972.000000
601.000000
4958.000000
1369.000000
864.000000
788.000000
1814.000000
2507.000000
9113.000000
9829.000000
4571.000000
695.000000
3084.000000
1782.000000
689.000000
244.000000
1992.000000
2489.000000
3516.000000
1406.000000
2013.000000
721.000000
990.000000
1736.000000
923.000000
2828.000000
2576.000000
368.000000
1551.000000
617.000000
1747.000000
3190.000000
319.000000
269.000000
285.000000
840.000000
844.000000
1315.000000
466.000000
924.000000
383.000000
754.000000
1144.000000
1686.000000
825.000000
1168.000000
603.000000
497.000000
395.000000
814.000000
1142.000000
1968.000000
1595.000000
1846.000000
1420.000000
1685.000000
4814.000000
3853.000000
4459.000000
3038.000000
922.000000
959.000000
1033.000000
383.000000
3146.000000
5278.000000
5292.000000
4821.000000
5303.000000
3956.000000
5474.000000
15092.000000
15772.000000
3292.000000
3868.000000
5107.000000
4836.000000
3965.000000
1524.000000
2093.000000
640.000000
1219.000000
308.000000
1331.000000
1195.000000
1457.000000
319.000000
682.000000
800.000000
11018.000000
12709.000000
7934.000000
7279.000000
5944.000000
2761.000000
2138.000000
851.000000
307.000000
2151.000000
1624.000000
1026.000000
408.000000
970.000000
276.000000
940.000000
990.000000
1506.000000
474.000000
330.000000
489.000000
493.000000
1013.000000
2289.000000
3372.000000
722.000000
872.000000
2111.000000
773.000000
2119.000000
2216.000000
1768.000000
1196.000000
1647.000000
1603.000000
735.000000
856.000000
2233.000000
488.000000
343.000000
317.000000
1948.000000
2891.000000
4501.000000
5266.000000
228.000000
618.000000
972.000000
2238.000000
4122.000000
4158.000000
3997.000000
4269.000000
2037.000000
430.000000
884.000000
1030.000000
4097.000000
3231.000000
3955.000000
3608.000000
1262.000000
2757.000000
1841.000000
512.000000
359.000000
702.000000
229.000000
1672.000000
2661.000000
3591.000000
158.000000
259.000000
2041.000000
2782.000000
3874.000000
5914.000000
2191.000000
6080.000000
8157.000000
9395.000000
6409.000000
3674.000000
1502.000000
1626.000000
2269.000000
372.000000
1132.000000
2180.000000
907.000000
3605.000000
2667.000000
3146.000000
1139.000000
447.000000
1452.000000
2622.000000
1490.000000
456.000000
824.000000
606.000000
130.000000
763.000000
1955.000000
2745.000000
4202.000000
1835.000000
2037.000000
2842.000000
3202.000000
8220.000000
316.000000
2077.000000
1962.000000
489.000000
2174.000000
5048.000000
3228.000000
4087.000000
4405.000000
3160.000000
2603.000000
2208.000000
5989.000000
3182.000000
3752.000000
704.000000
245.000000
815.000000
2260.000000
3646.000000
3798.000000
2964.000000
253.000000
2254.000000
1888.000000
2637.000000
532.000000
835.000000
1997.000000
2628.000000
2748.000000
5045.000000
3212.000000
4164.000000
5224.000000
1477.000000
214.000000
764.000000
1489.000000
6543.000000
2929.000000
179.000000
1461.000000
3206.000000
3155.000000
2447.000000
4463.000000
2120.000000
948.000000
1510.000000
239.000000
793.000000
1090.000000
3760.000000
2433.000000
3555.000000
457.000000
566.000000
472.000000
2402.000000
1046.000000
670.000000
577.000000
377.000000
258.000000
2325.000000
4963.000000
5773.000000
5672.000000
6473.000000
6583.000000
2492.000000
927.000000
1729.000000
264.000000
1173.000000
3680.000000
2769.000000
738.000000
652.000000
957.000000
1169.000000
1872.000000
991.000000
622.000000
800.000000
328.000000
874.000000
1725.000000
2777.000000
2608.000000
1111.000000
1029.000000
599.000000
549.000000
376.000000
248.000000
787.000000
2501.000000
1941.000000
1998.000000
3149.000000
1209.000000
1572.000000
1358.000000
2555.000000
3908.000000
5039.000000
4876.000000
5899.000000
5786.000000
8138.000000
9762.000000
10258.000000
9467.000000
793.000000
1896.000000
883.000000
1982.000000
4237.000000
4242.000000
3933.000000
3129.000000
967.000000
150.000000
7385.000000
8323.000000
1472.000000
1058.000000
428.000000
982.000000
1106.000000
1655.000000
3955.000000
5121.000000
3109.000000
3338.000000
1210.000000
374.000000
1064.000000
1548.000000
1214.000000
2298.000000
680.000000
2153.000000
1138.000000
1822.000000
2204.000000
554.000000
643.000000
1922.000000
3243.000000
2072.000000
1846.000000
2567.000000
4639.000000
4359.000000
4693.000000
511.000000
577.000000
1381.000000
1884.000000
2477.000000
786.000000
1258.000000
1664.000000
1394.000000
1747.000000
1999.000000
2220.000000
8002.000000
8583.000000
9283.000000
11131.000000
11576.000000
10342.000000
11056.000000
1135.000000
522.000000
215.000000
1420.000000
3252.000000
743.000000
2105.000000
2881.000000
1371.000000
1078.000000
1216.000000
843.000000
176.000000
1993.000000
3463.000000
2122.000000
367.000000
1188.000000
1554.000000
239.000000
697.000000
1626.000000
2610.000000
3205.000000
2890.000000
3361.000000
2344.000000
1910.000000
579.000000
1679.000000
1011.000000
1130.000000
782.000000
1929.000000
925.000000
1227.000000
466.000000
372.000000
1185.000000
627.000000
680.000000
381.000000
1596.000000
18627.000000
3136.000000
3795.000000
545.000000
396.000000
971.000000
1253.000000
1690.000000
926.000000
2258.000000
773.000000
1083.000000
1897.000000
1080.000000
3515.000000
1987.000000
285.000000
157.000000
629.000000
961.000000
2643.000000
1662.000000
3038.000000
1029.000000
1450.000000
2668.000000
847.000000
655.000000
1238.000000
3107.000000
3192.000000
3884.000000
703.000000
1566.000000
1865.000000
1169.000000
1783.000000
1080.000000
961.000000
1895.000000
545.000000
613.000000
4391.000000
5354.000000
6161.000000
7543.000000
8296.000000
8977.000000
8427.000000
5968.000000
500.000000
2021.000000
2555.000000
3142.000000
1202.000000
316.000000
773.000000
1304.000000
702.000000
2023.000000
3366.000000
1983.000000
3786.000000
2015.000000
602.000000
214.000000
223.000000
1273.000000
1955.000000
303.000000
923.000000
1854.000000
1377.000000
879.000000
1769.000000
166.000000
2844.000000
2041.000000
4664.000000
2171.000000
1470.000000
2488.000000
3120.000000
3919.000000
3092.000000
356.000000
908.000000
662.000000
974.000000
1499.000000
1962.000000
2700.000000
3087.000000
393.000000
1683.000000
1766.000000
2269.000000
324.000000
300.000000
209.000000
294.000000
604.000000
1234.000000
1770.000000
473.000000
384.000000
447.000000
1125.000000
2349.000000
1626.000000
273.000000
283.000000
1484.000000
453.000000
2380.000000
3615.000000
4534.000000
4548.000000
3866.000000
3730.000000
901.000000
937.000000
3385.000000
5076.000000
4722.000000
4442.000000
4985.000000
3699.000000
394.000000
2188.000000
2733.000000
3709.000000
3278.000000
2037.000000
423.000000
1222.000000
2714.000000
3469.000000
822.000000
230.000000
620.000000
296.000000
174.000000
509.000000
924.000000
2130.000000
933.000000
2217.000000
1513.000000
566.000000
1292.000000
1741.000000
246.000000
254.000000
307.000000
768.000000
2090.000000
3198.000000
3579.000000
2514.000000
1989.000000
3205.000000
4100.000000
221.000000
718.000000
1833.000000
286.000000
504.000000
1852.000000
2109.000000
3283.000000
3461.000000
2434.000000
11467.000000
4923.000000
6172.000000
6783.000000
7499.000000
7346.000000
2762.000000
3973.000000
5316.000000
2306.000000
3018.000000
925.000000
525.000000
1769.000000
2049.000000
1956.000000
1333.000000
1237.000000
3007.000000
2380.000000
3181.000000
252.000000
988.000000
1557.000000
3254.000000
4272.000000
4777.000000
6255.000000
6617.000000
7306.000000
7190.000000
8035.000000
6599.000000
3861.000000
2500.000000
408.000000
210.000000
2858.000000
409.000000
2616.000000
3819.000000
4268.000000
4372.000000
4489.000000
296.000000
736.000000
1283.000000
1546.000000
650.000000
1161.000000
342.000000
957.000000
1513.000000
589.000000
832.000000
1927.000000
2737.000000
2075.000000
1450.000000
4148.000000
4920.000000
5579.000000
7289.000000
8882.000000
13123.000000
14859.000000
14388.000000
15289.000000
12267.000000
13829.000000
7226.000000
1676.000000
992.000000
2542.000000
5461.000000
6675.000000
6334.000000
7322.000000
8106.000000
8498.000000
1838.000000
219.000000
474.000000
2582.000000
267.000000
1808.000000
2815.000000
1218.000000
689.000000
235.000000
592.000000
333.000000
366.000000
1733.000000
2481.000000
3602.000000
2859.000000
1820.000000
3940.000000
2964.000000
644.000000
1746.000000
2211.000000
135.000000
355.000000
1259.000000
1159.000000
2950.000000
4760.000000
5092.000000
4442.000000
2606.000000
243.000000
544.000000
848.000000
594.000000
1328.000000
1907.000000
3557.000000
5067.000000
5558.000000
6563.000000
7705.000000
9328.000000
8553.000000
7375.000000
5027.000000
799.000000
189.000000
1639.000000
3613.000000
2806.000000
4410.000000
5592.000000
3759.000000
3699.000000
537.000000
363.000000
1035.000000
855.000000
746.000000
1115.000000
1652.000000
854.000000
500.000000
351.000000
1304.000000
1817.000000
538.000000
451.000000
248.000000
1540.000000
2042.000000
601.000000
210.000000
607.000000
376.000000
1103.000000
1689.000000
2762.000000
3956.000000
2307.000000
1614.000000
778.000000
253.000000
795.000000
1690.000000
1162.000000
1892.000000
320.000000
633.000000
268.000000
1413.000000
2394.000000
2849.000000
2800.000000
1892.000000
207.000000
2659.000000
3760.000000
4416.000000
3554.000000
3303.000000
483.000000
1752.000000
2591.000000
3476.000000
2031.000000
1730.000000
2546.000000
1033.000000
1507.000000
702.000000
1457.000000
829.000000
536.000000
764.000000
1344.000000
1836.000000
700.000000
510.000000
520.000000
1176.000000
743.000000
1397.000000
679.000000
201.000000
374.000000
1423.000000
2131.000000
2196.000000
3996.000000
4649.000000
4439.000000
5939.000000
6168.000000
7377.000000
6018.000000
6253.000000
4242.000000
824.000000
1750.000000
286.000000
327.000000
968.000000
1718.000000
603.000000
863.000000
418.000000
265.000000
1296.000000
1878.000000
663.000000
231.000000
653.000000
1531.000000
3145.000000
2116.000000
178.000000
1187.000000
1883.000000
887.000000
1239.000000
2025.000000
398.000000
278.000000
290.000000
251.000000
472.000000
557.000000
998.000000
1880.000000
1654.000000
2754.000000
1562.000000
769.000000
258.000000
759.000000
1952.000000
2620.000000
2602.000000
1310.000000
1717.000000
68.000000
2014.000000
2048.000000
581.000000
2007.000000
2445.000000
3459.000000
2836.000000
3454.000000
4150.000000
4676.000000
3511.000000
718.000000
1697.000000
3079.000000
4106.000000
4712.000000
5947.000000
4767.000000
2336.000000
929.000000
1066.000000
241.000000
599.000000
1126.000000
2235.000000
1479.000000
1265.000000
296.000000
357.000000
2079.000000
2173.000000
474.000000
1301.000000
1682.000000
730.000000
1112.000000
2262.000000
1009.000000
1111.000000
829.000000
176.000000
173.000000
440.000000
700.000000
986.000000
772.000000
1283.000000
503.000000
316.000000
3235.000000
4148.000000
4961.000000
5138.000000
6551.000000
3852.000000
5020.000000
5122.000000
4873.000000
382.000000
1305.000000
6198.000000
6638.000000
3165.000000
226.000000
382.000000
703.000000
1031.000000
397.000000
503.000000
1151.000000
376.000000
244.000000
493.000000
1600.000000
1304.000000
437.000000
3441.000000
4778.000000
6484.000000
7703.000000
7488.000000
9037.000000
8561.000000
3931.000000
1714.000000
2031.000000
228.000000
655.000000
519.000000
449.000000
887.000000
785.000000
502.000000
1885.000000
717.000000
1809.000000
2233.000000
628.000000
1092.000000
2482.000000
4894.000000
5782.000000
5415.000000
5709.000000
5018.000000
7066.000000
2380.000000
3449.000000
1671.000000
5668.000000
6293.000000
6761.000000
8263.000000
9067.000000
10355.000000
7718.000000
7595.000000
5157.000000
2863.000000
853.000000
442.000000
1263.000000
1899.000000
420.000000
807.000000
1031.000000
845.000000
2620.000000
2092.000000
1986.000000
541.000000
355.000000
270.000000
836.000000
1678.000000
367.000000
219.000000
247.000000
208.000000
291.000000
722.000000
759.000000
170.000000
334.000000
705.000000
896.000000
1894.000000
618.000000
402.000000
801.000000
426.000000
732.000000
1082.000000
1853.000000
318.000000
375.000000
1624.000000
1947.000000
369.000000
1841.000000
2257.000000
199.000000
921.000000
246.000000
978.000000
1255.000000
3402.000000
2706.000000
3526.000000
5410.000000
6283.000000
6814.000000
5724.000000
3039.000000
605.000000
1324.000000
1127.000000
3694.000000
3348.000000
4418.000000
1813.000000
6704.000000
1345.000000
933.000000
707.000000
406.000000
539.000000
1967.000000
238.000000
138.000000
800.000000
370.000000
772.000000
848.000000
628.000000
474.000000
699.000000
248.000000
559.000000
472.000000
1206.000000
4555.000000
5505.000000
6470.000000
9109.000000
9838.000000
9304.000000
10490.000000
8399.000000
9692.000000
5146.000000
8456.000000
3925.000000
4717.000000
5641.000000
5667.000000
5650.000000
3859.000000
974.000000
1494.000000
717.000000
808.000000
569.000000
1579.000000
2690.000000
670.000000
328.000000
1211.000000
662.000000
704.000000
373.000000
333.000000
337.000000
997.000000
379.000000
655.000000
277.000000
689.000000
2007.000000
4749.000000
3702.000000
3930.000000
5029.000000
5490.000000
5844.000000
6891.000000
6659.000000
7491.000000
8245.000000
302.000000
292.000000
410.000000
810.000000
1730.000000
2046.000000
2060.000000
1748.000000
247.000000
839.000000
2289.000000
1939.000000
442.000000
293.000000
249.000000
1042.000000
1642.000000
2526.000000
12217.000000
3031.000000
3791.000000
1087.000000
1709.000000
332.000000
119.000000
1082.000000
1443.000000
1441.000000
767.000000
1103.000000
4444.000000
2555.000000
3402.000000
6207.000000
4978.000000
4263.000000
7498.000000
8086.000000
6515.000000
7094.000000
5517.000000
944.000000
772.000000
851.000000
918.000000
1994.000000
413.000000
1467.000000
438.000000
426.000000
2106.000000
2665.000000
3953.000000
1983.000000
2245.000000
3207.000000
3703.000000
1985.000000
3494.000000
2041.000000
1560.000000
3726.000000
2188.000000
208.000000
710.000000
765.000000
2085.000000
2136.000000
482.000000
854.000000
435.000000
925.000000
937.000000
1537.000000
795.000000
420.000000
898.000000
1499.000000
937.000000
1548.000000
1856.000000
3329.000000
2459.000000
2360.000000
2454.000000
2429.000000
324.000000
439.000000
774.000000
753.000000
1192.000000
516.000000
1201.000000
1036.000000
1508.000000
2526.000000
1756.000000
1950.000000
1473.000000
1125.000000
1303.000000
275.000000
185.000000
217.000000
840.000000
1893.000000
827.000000
1466.000000
528.000000
4966.000000
3119.000000
657.000000
666.000000
687.000000
169.000000
611.000000
907.000000
1616.000000
3721.000000
2640.000000
1787.000000
214.000000
963.000000
1720.000000
231.000000
314.000000
2417.000000
2972.000000
3435.000000
4619.000000
1180.000000
2364.000000
1528.000000
243.000000
397.000000
493.000000
629.000000
1124.000000
1123.000000
1093.000000
724.000000
1227.000000
2195.000000
579.000000
146.000000
443.000000
323.000000
581.000000
1465.000000
667.000000
1465.000000
2326.000000
2747.000000
719.000000
781.000000
3027.000000
1892.000000
3000.000000
186.000000
932.000000
1722.000000
952.000000
2373.000000
3803.000000
4409.000000
3289.000000
1090.000000
1681.000000
175.000000
667.000000
344.000000
687.000000
1773.000000
1431.000000
2324.000000
2222.000000
303.000000
506.000000
252.000000
420.000000
5315.000000
2769.000000
1097.000000
2083.000000
575.000000
803.000000
803.000000
315.000000
644.000000
186.000000
644.000000
694.000000
1598.000000
10899.000000
12399.000000
6919.000000
7284.000000
6344.000000
2318.000000
784.000000
603.000000
710.000000
695.000000
688.000000
1288.000000
3870.000000
4670.000000
1316.000000
1625.000000
1970.000000
2952.000000
3841.000000
925.000000
217.000000
1714.000000
3070.000000
1612.000000
1252.000000
297.000000
308.000000
409.000000
1459.000000
1970.000000
1065.000000
1532.000000
2556.000000
3178.000000
1720.000000
1613.000000
2396.000000
880.000000
1018.000000
1513.000000
2735.000000
628.000000
1093.000000
2446.000000
2705.000000
2469.000000
1170.000000
2653.000000
1854.000000
2889.000000
1443.000000
1551.000000
635.000000
1531.000000
1502.000000
223.000000
1383.000000
3241.000000
3984.000000
3179.000000
3722.000000
1068.000000
1990.000000
4042.000000
2758.000000
3066.000000
551.000000
525.000000
2175.000000
2056.000000
721.000000
902.000000
1293.000000
4135.000000
4871.000000
5715.000000
6701.000000
6642.000000
7589.000000
3930.000000
5066.000000
6395.000000
1428.000000
1004.000000
156.000000
710.000000
345.000000
514.000000
651.000000
607.000000
1381.000000
946.000000
2298.000000
237.000000
790.000000
412.000000
474.000000
1133.000000
1724.000000
3472.000000
1941.000000
433.000000
2122.000000
3350.000000
3929.000000
3509.000000
798.000000
908.000000
2150.000000
514.000000
223.000000
163.000000
1142.000000
3175.000000
3621.000000
1393.000000
1076.000000
2923.000000
3673.000000
3431.000000
754.000000
821.000000
1215.000000
256.000000
803.000000
3811.000000
4188.000000
5448.000000
6511.000000
4028.000000
3432.000000
2122.000000
3417.000000
3055.000000
188.000000
1622.000000
2695.000000
2244.000000
1500.000000
1300.000000
1211.000000
200.000000
233.000000
254.000000
2281.000000
3087.000000
4803.000000
5257.000000
4626.000000
5824.000000
5460.000000
444.000000
362.000000
4323.000000
4875.000000
5394.000000
5336.000000
4103.000000
5315.000000
3185.000000
1479.000000
678.000000
164.000000
1248.000000
670.000000
1625.000000
2766.000000
2003.000000
231.000000
801.000000
259.000000
620.000000
2487.000000
2789.000000
657.000000
946.000000
1408.000000
14291.000000
939.000000
467.000000
273.000000
491.000000
362.000000
854.000000
641.000000
830.000000
1437.000000
708.000000
763.000000
1151.000000
2203.000000
251.000000
1922.000000
4269.000000
4852.000000
4134.000000
2360.000000
401.000000
400.000000
1325.000000
3837.000000
2800.000000
1727.000000
749.000000
536.000000
1078.000000
4283.000000
1722.000000
763.000000
1854.000000
4460.000000
5633.000000
5895.000000
6673.000000
7210.000000
4706.000000
353.000000
282.000000
1205.000000
2479.000000
1037.000000
3329.000000
2281.000000
598.000000
580.000000
337.000000
187.000000
557.000000
215.000000
1551.000000
3844.000000
5821.000000
4890.000000
3555.000000
4772.000000
1349.000000
256.000000
205.000000
714.000000
622.000000
185.000000
687.000000
876.000000
926.000000
2505.000000
2556.000000
2356.000000
1332.000000
3694.000000
4335.000000
499.000000
910.000000
1505.000000
966.000000
854.000000
1947.000000
392.000000
1082.000000
789.000000
1080.000000
1211.000000
2155.000000
1416.000000
1706.000000
1249.000000
3015.000000
1824.000000
1654.000000
1242.000000
914.000000
831.000000
125.000000
443.000000
303.000000
335.000000
1146.000000
1763.000000
795.000000
1032.000000
1778.000000
702.000000
322.000000
781.000000
711.000000
1939.000000
1588.000000
1582.000000
372.000000
393.000000
1512.000000
4446.000000
4935.000000
5479.000000
6421.000000
6663.000000
7507.000000
3301.000000
4313.000000
1174.000000
3551.000000
2906.000000
722.000000
536.000000
519.000000
535.000000
2066.000000
3853.000000
4862.000000
4129.000000
4913.000000
4544.000000
3593.000000
3125.000000
2498.000000
3714.000000
1441.000000
3197.000000
212.000000
1203.000000
3330.000000
2346.000000
4019.000000
2249.000000
2236.000000
955.000000
210.000000
3384.000000
621.000000
237.000000
1701.000000
2591.000000
2828.000000
478.000000
441.000000
373.000000
307.000000
814.000000
2628.000000
3205.000000
2327.000000
694.000000
453.000000
503.000000
1407.000000
2600.000000
3457.000000
779.000000
827.000000
2283.000000
1957.000000
1421.000000
2804.000000
217.000000
483.000000
1723.000000
1678.000000
421.000000
922.000000
689.000000
687.000000
2427.000000
288.000000
2592.000000
339.000000
2124.000000
362.000000
934.000000
1327.000000
2537.000000
494.000000
981.000000
612.000000
1244.000000
1623.000000
352.000000
191.000000
516.000000
587.000000
604.000000
514.000000
809.000000
1993.000000
1700.000000
2239.000000
4667.000000
943.000000
1986.000000
1590.000000
547.000000
351.000000
1424.000000
2623.000000
2193.000000
659.000000
254.000000
690.000000
1705.000000
1029.000000
2972.000000
1617.000000
1259.000000
1602.000000
1179.000000
2543.000000
3780.000000
3965.000000
4413.000000
3942.000000
1681.000000
612.000000
2329.000000
4570.000000
5791.000000
6767.000000
5777.000000
6994.000000
5504.000000
6678.000000
303.000000
2056.000000
2932.000000
4085.000000
2959.000000
322.000000
958.000000
2297.000000
2356.000000
3276.000000
2542.000000
3305.000000
713.000000
2474.000000
3943.000000
4452.000000
5220.000000
4791.000000
5752.000000
1264.000000
638.000000
1269.000000
249.000000
173.000000
630.000000
1372.000000
2074.000000
493.000000
1092.000000
3577.000000
2393.000000
2533.000000
3493.000000
1716.000000
1946.000000
1025.000000
984.000000
235.000000
618.000000
703.000000
798.000000
247.000000
1283.000000
280.000000
614.000000
1048.000000
1683.000000
694.000000
2333.000000
4240.000000
2430.000000
913.000000
2580.000000
2773.000000
1570.000000
245.000000
291.000000
304.000000
698.000000
1941.000000
232.000000
496.000000
1214.000000
1879.000000
835.000000
411.000000
1303.000000
697.000000
934.000000
3023.000000
3513.000000
3285.000000
2043.000000
3802.000000
2238.000000
3229.000000
180.000000
855.000000
547.000000
1043.000000
444.000000
1148.000000
2038.000000
240.000000
925.000000
291.000000
6656.000000
8028.000000
7991.000000
8166.000000
8265.000000
9074.000000
9843.000000
9143.000000
7952.000000
649.000000
1491.000000
2816.000000
1169.000000
1860.000000
797.000000
316.000000
402.000000
405.000000
192.000000
1071.000000
1997.000000
503.000000
216.000000
548.000000
514.000000
1657.000000
2535.000000
3879.000000
4373.000000
4058.000000
4195.000000
216.000000
339.000000
787.000000
762.000000
1208.000000
1140.000000
172.000000
1022.000000
1027.000000
882.000000
1711.000000
497.000000
1280.000000
657.000000
952.000000
1235.000000
1644.000000
1935.000000
2195.000000
554.000000
1217.000000
676.000000
2174.000000
3374.000000
487.000000
180.000000
1242.000000
2828.000000
862.000000
471.000000
1133.000000
694.000000
1222.000000
1327.000000
1181.000000
358.000000
1278.000000
2346.000000
566.000000
1047.000000
1971.000000
424.000000
623.000000
521.000000
1187.000000
1720.000000
880.000000
895.000000
545.000000
1378.000000
3038.000000
1679.000000
479.000000
735.000000
2744.000000
4675.000000
6775.000000
5643.000000
5723.000000
6471.000000
6582.000000
5082.000000
1382.000000
518.000000
992.000000
1479.000000
457.000000
474.000000
224.000000
818.000000
2625.000000
805.000000
3565.000000
6664.000000
5725.000000
4882.000000
4764.000000
511.000000
754.000000
3501.000000
798.000000
2009.000000
779.000000
2874.000000
2657.000000
1736.000000
796.000000
1847.000000
2218.000000
695.000000
1684.000000
473.000000
580.000000
717.000000
1944.000000
2710.000000
3469.000000
308.000000
4579.000000
5319.000000
7769.000000
7915.000000
9031.000000
5809.000000
4509.000000
5144.000000
1288.000000
2349.000000
2534.000000
3315.000000
3048.000000
4577.000000
228.000000
874.000000
2277.000000
565.000000
522.000000
883.000000
1208.000000
1098.000000
1615.000000
782.000000
844.000000
1271.000000
234.000000
510.000000
963.000000
1250.000000
3461.000000
4542.000000
6320.000000
5683.000000
5795.000000
5071.000000
3923.000000
593.000000
168.000000
3638.000000
5677.000000
4447.000000
3794.000000
1713.000000
786.000000
1295.000000
2148.000000
197.000000
891.000000
762.000000
1644.000000
3151.000000
2103.000000
610.000000
576.000000
1233.000000
2628.000000
273.000000
1321.000000
3547.000000
2676.000000
3689.000000
3547.000000
3114.000000
262.000000
183.000000
2154.000000
3156.000000
3842.000000
2204.000000
1402.000000
708.000000
346.000000
512.000000
204.000000
778.000000
1062.000000
2154.000000
1265.000000
370.000000
685.000000
385.000000
2630.000000
1920.000000
382.000000
204.000000
983.000000
774.000000
891.000000
1665.000000
1658.000000
261.000000
848.000000
704.000000
753.000000
260.000000
920.000000
1156.000000
323.000000
1015.000000
278.000000
2834.000000
3091.000000
3753.000000
1972.000000
561.000000
692.000000
175.000000
622.000000
1141.000000
286.000000
1267.000000
2881.000000
1439.000000
2273.000000
275.000000
290.000000
734.000000
1327.000000
2976.000000
1873.000000
474.000000
1320.000000
1341.000000
1037.000000
969.000000
824.000000
716.000000
875.000000
1428.000000
1729.000000
1960.000000
1589.000000
1586.000000
1241.000000
2999.000000
2432.000000
3043.000000
2799.000000
3470.000000
2969.000000
3278.000000
2507.000000
2802.000000
3639.000000
2708.000000
3209.000000
2727.000000
2836.000000
2885.000000
404.000000
1288.000000
159.000000
748.000000
1344.000000
3110.000000
3116.000000
3558.000000
2767.000000
3273.000000
2437.000000
3695.000000
1889.000000
799.000000
1237.000000
3115.000000
2751.000000
3049.000000
2972.000000
The average waiting time  is :  2704.863125 
