2 , 2 32953.000000
76969.000000
99933.000000
148559.000000
163042.000000
163396.000000
135463.000000
136664.000000
139425.000000
145190.000000
156889.000000
162883.000000
167160.000000
170958.000000
173890.000000
176948.000000
181744.000000
194882.000000
199254.000000
210491.000000
225909.000000
238476.000000
253044.000000
262071.000000
276613.000000
290231.000000
292924.000000
301947.000000
313389.000000
320731.000000
325992.000000
331548.000000
339321.000000
351049.000000
361298.000000
370298.000000
383117.000000
389390.000000
398540.000000
405206.000000
415590.000000
427824.000000
436273.000000
446448.000000
456457.000000
465793.000000
454656.000000
458341.000000
465521.000000
471473.000000
481941.000000
490932.000000
497168.000000
500299.000000
503748.000000
513928.000000
517334.000000
520221.000000
530348.000000
533736.000000
561868.000000
565457.000000
580616.000000
586807.000000
593454.000000
606035.000000
618075.000000
633820.000000
628545.000000
629114.000000
651869.000000
663424.000000
665920.000000
673915.000000
685832.000000
694382.000000
703268.000000
710137.000000
720068.000000
732147.000000
745351.000000
748202.000000
757154.000000
757136.000000
762884.000000
772035.000000
776832.000000
784002.000000
790455.000000
795712.000000
808637.000000
811137.000000
819906.000000
826020.000000
837917.000000
840525.000000
848949.000000
851172.000000
855441.000000
858580.000000
864465.000000
838720.000000
810950.000000
808863.000000
820556.000000
826172.000000
832119.000000
837405.000000
842850.000000
847070.000000
836563.000000
842737.000000
845517.000000
845039.000000
790933.000000
788379.000000
764659.000000
760558.000000
762978.000000
793161.000000
803870.000000
814914.000000
817277.000000
827026.000000
829862.000000
836808.000000
841570.000000
798703.000000
803162.000000
800806.000000
793955.000000
788583.000000
782234.000000
755938.000000
756240.000000
685299.000000
679715.000000
651659.000000
649226.000000
658310.000000
653245.000000
659533.000000
664167.000000
669328.000000
682203.000000
683591.000000
670216.000000
679119.000000
681994.000000
689992.000000
658275.000000
646826.000000
631854.000000
625337.000000
632624.000000
644190.000000
648841.000000
662007.000000
674964.000000
696425.000000
708474.000000
664033.000000
616204.000000
553992.000000
557617.000000
558743.000000
554053.000000
563549.000000
571380.000000
573430.000000
580037.000000
587560.000000
593305.000000
604228.000000
618630.000000
632834.000000
634332.000000
562783.000000
558667.000000
546775.000000
535530.000000
545145.000000
547495.000000
555584.000000
565629.000000
568193.000000
577885.000000
579394.000000
583687.000000
617492.000000
627486.000000
583517.000000
489368.000000
482464.000000
447157.000000
442856.000000
386127.000000
372707.000000
370045.000000
381370.000000
378698.000000
380031.000000
389803.000000
397136.000000
357867.000000
349269.000000
343705.000000
319135.000000
312146.000000
322700.000000
322553.000000
320883.000000
313603.000000
233327.000000
221555.000000
225912.000000
233714.000000
238643.000000
245251.000000
252250.000000
255145.000000
263703.000000
318338.000000
330862.000000
333103.000000
335398.000000
293753.000000
303043.000000
300088.000000
277135.000000
282480.000000
279874.000000
302281.000000
315582.000000
317791.000000
325919.000000
337887.000000
346038.000000
356987.000000
360316.000000
315003.000000
315184.000000
297139.000000
255934.000000
248157.000000
230372.000000
236601.000000
248408.000000
250645.000000
260996.000000
269571.000000
276616.000000
279811.000000
288536.000000
296630.000000
308883.000000
316767.000000
323851.000000
328247.000000
333027.000000
345882.000000
347255.000000
353467.000000
354578.000000
339830.000000
314921.000000
282911.000000
285883.000000
296283.000000
263878.000000
264315.000000
267822.000000
271213.000000
210152.000000
206428.000000
194775.000000
195094.000000
192063.000000
199375.000000
199596.000000
127588.000000
136724.000000
129282.000000
139168.000000
142067.000000
149683.000000
161579.000000
165993.000000
173494.000000
180025.000000
184915.000000
197657.000000
192640.000000
266329.000000
270865.000000
273646.000000
277563.000000
280172.000000
283550.000000
287288.000000
289811.000000
284558.000000
276116.000000
279154.000000
282267.000000
285105.000000
287293.000000
301451.000000
294227.000000
304845.000000
299176.000000
292129.000000
302295.000000
249782.000000
216113.000000
205675.000000
91108.000000
83176.000000
85218.000000
92719.000000
104605.000000
108468.000000
116591.000000
118461.000000
120133.000000
121984.000000
124083.000000
126189.000000
128277.000000
135770.000000
137772.000000
139684.000000
141902.000000
146072.000000
150767.000000
154588.000000
164344.000000
166778.000000
174189.000000
176288.000000
178364.000000
180236.000000
181923.000000
181551.000000
183524.000000
132647.000000
137072.000000
120791.000000
131147.000000
134465.000000
138891.000000
140428.000000
95331.000000
50706.000000
48143.000000
36484.000000
33431.000000
33624.000000
37991.000000
42275.000000
52036.000000
61058.000000
70665.000000
81435.000000
87417.000000
82431.000000
73886.000000
71657.000000
65341.000000
62317.000000
66012.000000
66861.000000
70730.000000
74965.000000
80698.000000
82793.000000
84901.000000
87518.000000
91249.000000
89039.000000
86486.000000
91313.000000
94623.000000
99592.000000
100755.000000
92095.000000
93812.000000
104299.000000
108370.000000
113259.000000
115505.000000
125710.000000
127620.000000
142751.000000
151905.000000
147968.000000
126006.000000
128188.000000
140003.000000
150025.000000
160168.000000
165826.000000
169781.000000
172139.000000
174571.000000
176955.000000
184152.000000
190281.000000
191711.000000
200873.000000
206911.000000
210800.000000
209962.000000
199005.000000
189089.000000
169998.000000
164190.000000
172042.000000
174635.000000
181837.000000
193893.000000
196741.000000
204098.000000
217447.000000
227483.000000
229355.000000
235949.000000
228856.000000
221824.000000
232558.000000
247151.000000
254832.000000
255535.000000
261957.000000
261573.000000
265963.000000
261840.000000
269620.000000
271585.000000
279606.000000
281610.000000
285323.000000
289393.000000
291744.000000
295716.000000
305515.000000
306200.000000
299377.000000
282251.000000
278565.000000
269560.000000
263180.000000
250487.000000
238139.000000
235379.000000
218603.000000
219159.000000
221881.000000
224057.000000
230300.000000
240527.000000
240072.000000
254702.000000
261380.000000
271624.000000
273864.000000
284118.000000
288203.000000
290568.000000
283419.000000
293123.000000
296928.000000
303199.000000
305468.000000
309949.000000
313929.000000
318522.000000
313516.000000
315929.000000
330695.000000
334469.000000
340162.000000
342287.000000
353015.000000
357495.000000
355307.000000
358167.000000
359635.000000
359565.000000
367778.000000
359560.000000
367137.000000
376774.000000
378936.000000
386613.000000
386456.000000
316956.000000
309314.000000
270351.000000
265452.000000
256533.000000
241728.000000
243939.000000
250605.000000
261276.000000
268964.000000
271737.000000
274151.000000
277524.000000
280067.000000
286668.000000
296388.000000
294545.000000
304128.000000
310097.000000
320911.000000
324693.000000
330891.000000
335493.000000
345107.000000
348821.000000
359446.000000
366860.000000
359772.000000
365541.000000
367982.000000
378184.000000
380333.000000
387254.000000
390231.000000
392451.000000
396447.000000
401565.000000
411918.000000
396429.000000
379099.000000
361787.000000
365318.000000
350385.000000
345265.000000
341795.000000
341838.000000
345080.000000
335284.000000
336497.000000
344179.000000
322739.000000
315927.000000
301694.000000
296666.000000
297227.000000
283858.000000
279791.000000
273095.000000
270390.000000
263290.000000
258135.000000
260303.000000
263027.000000
268250.000000
271825.000000
277626.000000
280349.000000
289939.000000
281781.000000
288849.000000
301535.000000
306583.000000
315896.000000
317212.000000
324647.000000
327118.000000
334540.000000
327183.000000
334653.000000
339835.000000
349884.000000
342064.000000
331266.000000
318644.000000
318753.000000
312725.000000
335364.000000
334812.000000
329988.000000
317943.000000
320033.000000
313626.000000
361972.000000
373111.000000
382807.000000
383545.000000
394578.000000
389534.000000
397784.000000
399746.000000
407516.000000
409481.000000
416731.000000
426867.000000
433387.000000
440509.000000
442247.000000
442021.000000
434858.000000
408493.000000
395327.000000
396157.000000
393679.000000
398551.000000
402811.000000
405070.000000
408070.000000
418443.000000
424341.000000
418013.000000
420352.000000
424676.000000
427057.000000
430537.000000
432792.000000
437006.000000
439446.000000
439589.000000
439091.000000
442084.000000
446710.000000
447695.000000
452843.000000
457399.000000
458232.000000
448768.000000
446193.000000
439876.000000
437896.000000
433030.000000
414318.000000
400645.000000
400995.000000
405413.000000
409811.000000
419268.000000
423865.000000
439713.000000
429347.000000
307499.000000
302137.000000
300959.000000
304129.000000
305026.000000
303894.000000
305711.000000
330554.000000
334632.000000
339483.000000
357080.000000
359307.000000
360058.000000
361096.000000
361378.000000
357546.000000
350447.000000
341037.000000
334480.000000
325206.000000
303093.000000
292925.000000
251632.000000
245229.000000
225542.000000
219432.000000
211992.000000
206219.000000
204379.000000
203167.000000
184247.000000
175171.000000
162289.000000
154114.000000
149015.000000
147164.000000
144655.000000
144472.000000
133873.000000
134692.000000
135021.000000
120019.000000
92513.000000
87787.000000
89391.000000
90269.000000
91105.000000
91895.000000
93882.000000
94915.000000
95788.000000
93743.000000
91972.000000
93203.000000
95029.000000
95215.000000
96846.000000
96122.000000
67072.000000
60790.000000
61294.000000
62753.000000
64527.000000
61314.000000
57269.000000
52903.000000
52723.000000
49057.000000
47353.000000
44646.000000
43687.000000
41706.000000
37146.000000
35918.000000
34590.000000
33659.000000
32949.000000
24483.000000
25288.000000
26311.000000
26887.000000
26452.000000
28989.000000
29564.000000
31463.000000
32073.000000
33602.000000
34743.000000
35828.000000
38248.000000
38842.000000
40798.000000
42208.000000
42097.000000
43827.000000
42838.000000
42573.000000
42562.000000
38459.000000
34765.000000
33690.000000
31664.000000
33305.000000
34827.000000
37104.000000
37647.000000
38497.000000
34809.000000
33300.000000
34553.000000
30394.000000
31096.000000
31947.000000
34283.000000
33373.000000
34882.000000
35414.000000
35888.000000
37656.000000
40033.000000
41352.000000
41160.000000
35932.000000
34209.000000
34299.000000
33442.000000
32461.000000
34843.000000
35221.000000
36781.000000
37278.000000
37215.000000
39199.000000
35964.000000
36044.000000
34872.000000
35180.000000
34445.000000
33983.000000
32543.000000
31612.000000
31281.000000
28186.000000
28184.000000
27831.000000
27537.000000
23974.000000
24206.000000
24465.000000
21904.000000
21715.000000
19023.000000
19316.000000
20735.000000
21323.000000
24137.000000
24147.000000
21735.000000
16917.000000
17255.000000
16789.000000
17677.000000
18290.000000
15256.000000
16037.000000
17007.000000
16784.000000
13687.000000
14105.000000
11596.000000
12270.000000
13587.000000
13726.000000
13473.000000
11513.000000
13441.000000
10356.000000
11928.000000
13523.000000
13930.000000
11944.000000
12402.000000
12636.000000
13942.000000
14324.000000
14491.000000
13606.000000
14407.000000
15921.000000
16406.000000
17245.000000
18675.000000
19227.000000
18449.000000
17886.000000
15612.000000
15367.000000
16800.000000
17777.000000
18939.000000
20282.000000
21302.000000
22528.000000
11514.000000
10213.000000
9293.000000
10382.000000
12468.000000
13570.000000
11957.000000
12594.000000
13142.000000
12064.000000
13548.000000
16101.000000
14569.000000
16738.000000
19076.000000
17495.000000
19404.000000
21796.000000
22409.000000
24310.000000
26317.000000
28356.000000
29807.000000
32344.000000
33235.000000
33697.000000
36245.000000
39044.000000
40669.000000
41241.000000
39006.000000
39258.000000
40440.000000
41379.000000
41749.000000
41924.000000
39462.000000
39828.000000
39954.000000
40316.000000
37299.000000
37836.000000
37972.000000
38667.000000
39213.000000
39492.000000
40025.000000
40383.000000
52135.000000
51613.000000
51501.000000
51651.000000
53228.000000
53659.000000
52967.000000
53385.000000
53412.000000
54557.000000
53837.000000
55029.000000
55012.000000
56613.000000
57172.000000
58147.000000
59448.000000
57879.000000
60371.000000
61426.000000
60171.000000
61355.000000
62174.000000
63714.000000
64191.000000
64890.000000
64639.000000
63340.000000
62162.000000
59365.000000
50886.000000
32162.000000
26145.000000
20564.000000
19634.000000
18230.000000
11550.000000
7697.000000
207.000000
3476.000000
5257.000000
5250.000000
6540.000000
6251.000000
6118.000000
1830.000000
4291.000000
6233.000000
5096.000000
7084.000000
7722.000000
9437.000000
8855.000000
9693.000000
10207.000000
7582.000000
7852.000000
6616.000000
4618.000000
4415.000000
3569.000000
4285.000000
4789.000000
5801.000000
6296.000000
7030.000000
817.000000
513.000000
2920.000000
4498.000000
5564.000000
8327.000000
8778.000000
8661.000000
11002.000000
11643.000000
13127.000000
13439.000000
13719.000000
14383.000000
15323.000000
15110.000000
14908.000000
15811.000000
14216.000000
14177.000000
14399.000000
15467.000000
12889.000000
13517.000000
7744.000000
8196.000000
4224.000000
5215.000000
5049.000000
5947.000000
6314.000000
2402.000000
1273.000000
972.000000
2631.000000
3291.000000
4672.000000
5517.000000
6029.000000
6898.000000
8017.000000
7586.000000
6964.000000
3912.000000
2940.000000
2649.000000
1197.000000
441.000000
620.000000
1562.000000
3067.000000
5014.000000
7167.000000
8333.000000
10618.000000
10627.000000
11357.000000
10593.000000
13022.000000
14318.000000
15257.000000
15776.000000
16436.000000
15859.000000
15075.000000
14738.000000
9784.000000
8225.000000
6005.000000
241.000000
3602.000000
3248.000000
2199.000000
2134.000000
2229.000000
2104.000000
2278.000000
2034.000000
2465.000000
2416.000000
2484.000000
2346.000000
2536.000000
2548.000000
2406.000000
2399.000000
2554.000000
2467.000000
2499.000000
2425.000000
2453.000000
2427.000000
2545.000000
2359.000000
2482.000000
2411.000000
2521.000000
2377.000000
2533.000000
2413.000000
2480.000000
2425.000000
2489.000000
2462.000000
2519.000000
2445.000000
2471.000000
2426.000000
2509.000000
2358.000000
2564.000000
2412.000000
2552.000000
2305.000000
2455.000000
2423.000000
2413.000000
2429.000000
2499.000000
2484.000000
2456.000000
2386.000000
2490.000000
2406.000000
2532.000000
2365.000000
2465.000000
2405.000000
2510.000000
2341.000000
2477.000000
2387.000000
2524.000000
2394.000000
2491.000000
2383.000000
2432.000000
2400.000000
2531.000000
2429.000000
2472.000000
2382.000000
2486.000000
2393.000000
2487.000000
2380.000000
2447.000000
2384.000000
2494.000000
2417.000000
2514.000000
2407.000000
2450.000000
2402.000000
2597.000000
2365.000000
2491.000000
2412.000000
2480.000000
2410.000000
2481.000000
2372.000000
2491.000000
2376.000000
2493.000000
2431.000000
2484.000000
2438.000000
2450.000000
2435.000000
2527.000000
2421.000000
2443.000000
2430.000000
2476.000000
2367.000000
2501.000000
2365.000000
2499.000000
2400.000000
2522.000000
2400.000000
2494.000000
2404.000000
2500.000000
2488.000000
2507.000000
2350.000000
2501.000000
2413.000000
2531.000000
2424.000000
2480.000000
2403.000000
2514.000000
2418.000000
2463.000000
2345.000000
2452.000000
2435.000000
2506.000000
2456.000000
2491.000000
2452.000000
2512.000000
2459.000000
2613.000000
2434.000000
2517.000000
2371.000000
2475.000000
2394.000000
2514.000000
2455.000000
2520.000000
2396.000000
2519.000000
2402.000000
2488.000000
2370.000000
2469.000000
2396.000000
2539.000000
2418.000000
2512.000000
2362.000000
2470.000000
2387.000000
2481.000000
2375.000000
2475.000000
2416.000000
2526.000000
2362.000000
2489.000000
2380.000000
2525.000000
2364.000000
2542.000000
2356.000000
2526.000000
2365.000000
2550.000000
2451.000000
2500.000000
2394.000000
2528.000000
2428.000000
2466.000000
2412.000000
2527.000000
2430.000000
2519.000000
2423.000000
2547.000000
2398.000000
2498.000000
2381.000000
2536.000000
2468.000000
2488.000000
2391.000000
2560.000000
2416.000000
2530.000000
2392.000000
2526.000000
2394.000000
2498.000000
2398.000000
4476.000000
3488.000000
4207.000000
4655.000000
5391.000000
6901.000000
7332.000000
9659.000000
10792.000000
11935.000000
11698.000000
13959.000000
8264.000000
7564.000000
6110.000000
5171.000000
2996.000000
937.000000
3435.000000
4171.000000
2476.000000
2471.000000
2406.000000
2517.000000
2420.000000
2472.000000
2370.000000
2510.000000
2397.000000
2494.000000
2468.000000
2456.000000
2392.000000
2426.000000
2478.000000
2440.000000
2416.000000
2530.000000
2433.000000
2502.000000
2410.000000
2420.000000
2412.000000
2484.000000
2388.000000
2513.000000
2392.000000
2450.000000
2423.000000
2437.000000
2372.000000
2475.000000
2438.000000
2454.000000
2434.000000
2452.000000
2386.000000
2486.000000
2396.000000
2478.000000
2436.000000
2484.000000
2453.000000
2497.000000
2405.000000
2484.000000
2401.000000
2562.000000
2421.000000
2439.000000
2509.000000
2403.000000
2430.000000
2466.000000
2438.000000
2487.000000
2498.000000
2430.000000
2423.000000
2497.000000
2433.000000
2512.000000
2449.000000
2487.000000
3246.000000
2500.000000
3563.000000
2451.000000
3269.000000
2480.000000
3326.000000
2486.000000
3223.000000
2403.000000
3236.000000
2414.000000
3242.000000
2480.000000
3123.000000
2461.000000
3166.000000
2434.000000
3000.000000
2471.000000
3311.000000
2466.000000
3100.000000
2440.000000
3172.000000
2452.000000
3231.000000
2499.000000
3189.000000
2488.000000
3279.000000
2487.000000
3381.000000
2461.000000
3101.000000
2454.000000
3206.000000
2475.000000
3363.000000
2468.000000
3093.000000
2439.000000
3132.000000
2443.000000
3099.000000
2498.000000
3162.000000
2516.000000
3335.000000
2489.000000
3228.000000
2479.000000
3044.000000
2527.000000
3825.000000
2483.000000
3147.000000
2487.000000
2988.000000
2504.000000
3484.000000
2470.000000
3306.000000
1126.000000
2653.000000
6381.000000
8937.000000
10275.000000
11720.000000
13600.000000
14881.000000
12261.000000
11363.000000
12769.000000
13694.000000
14860.000000
16125.000000
16539.000000
16019.000000
15303.000000
12336.000000
6748.000000
309.000000
1852.000000
2643.000000
4211.000000
7377.000000
8676.000000
8488.000000
9233.000000
10591.000000
13461.000000
14383.000000
15935.000000
18095.000000
18580.000000
19053.000000
21031.000000
19547.000000
21577.000000
24442.000000
25361.000000
27407.000000
31538.000000
33732.000000
33948.000000
31284.000000
31150.000000
32441.000000
28651.000000
28405.000000
29131.000000
27815.000000
28507.000000
29872.000000
30631.000000
27491.000000
29241.000000
31880.000000
33068.000000
34467.000000
35148.000000
35669.000000
32624.000000
33548.000000
35477.000000
35915.000000
37109.000000
37488.000000
37568.000000
26983.000000
22810.000000
19966.000000
10924.000000
10722.000000
3216.000000
3544.000000
1658.000000
323.000000
1079.000000
3566.000000
4779.000000
2289.000000
3206.000000
2186.000000
3442.000000
2330.000000
3378.000000
2550.000000
1270.000000
2497.000000
3452.000000
5122.000000
6522.000000
6968.000000
8445.000000
9310.000000
10746.000000
9602.000000
11376.000000
8130.000000
7205.000000
564.000000
2189.000000
5246.000000
6218.000000
7212.000000
8609.000000
9567.000000
12455.000000
13373.000000
14396.000000
14709.000000
13503.000000
14440.000000
15862.000000
17610.000000
20564.000000
23263.000000
24594.000000
26912.000000
25589.000000
25017.000000
20868.000000
21169.000000
20987.000000
20458.000000
20929.000000
21814.000000
23251.000000
23894.000000
24805.000000
26112.000000
27306.000000
27824.000000
29878.000000
31471.000000
29639.000000
30812.000000
32027.000000
33886.000000
37194.000000
38106.000000
40603.000000
41093.000000
41978.000000
43394.000000
44612.000000
45134.000000
45956.000000
45165.000000
46693.000000
48327.000000
52181.000000
54542.000000
51414.000000
52434.000000
52208.000000
52255.000000
52311.000000
45313.000000
44442.000000
44739.000000
44453.000000
44155.000000
45060.000000
45945.000000
47472.000000
48659.000000
51064.000000
51509.000000
53869.000000
54933.000000
56576.000000
57128.000000
57836.000000
59837.000000
60395.000000
60902.000000
61998.000000
62427.000000
56949.000000
57517.000000
58102.000000
53227.000000
51187.000000
58352.000000
56890.000000
57302.000000
57712.000000
59649.000000
60117.000000
61881.000000
60843.000000
55773.000000
54900.000000
48721.000000
47126.000000
46199.000000
44063.000000
45677.000000
46211.000000
48729.000000
49430.000000
50896.000000
51449.000000
53960.000000
54631.000000
56282.000000
57256.000000
59652.000000
60583.000000
60701.000000
48170.000000
49982.000000
48921.000000
50004.000000
50551.000000
53143.000000
54495.000000
55482.000000
56659.000000
32378.000000
27430.000000
22792.000000
21411.000000
23234.000000
22642.000000
23722.000000
24646.000000
25201.000000
26990.000000
27637.000000
29839.000000
30795.000000
33289.000000
35406.000000
36631.000000
35742.000000
34848.000000
33091.000000
34668.000000
29649.000000
30769.000000
31539.000000
32488.000000
33003.000000
30651.000000
31149.000000
34914.000000
35864.000000
36398.000000
32822.000000
32723.000000
31005.000000
32794.000000
34009.000000
37321.000000
37146.000000
37035.000000
36032.000000
33148.000000
33459.000000
34060.000000
34794.000000
31404.000000
29510.000000
29141.000000
29458.000000
30743.000000
31264.000000
33741.000000
34837.000000
35181.000000
35184.000000
35648.000000
36205.000000
37209.000000
38311.000000
36728.000000
36734.000000
37795.000000
35530.000000
36521.000000
36361.000000
37601.000000
37707.000000
34801.000000
34396.000000
33903.000000
33162.000000
33408.000000
28077.000000
26463.000000
22150.000000
22526.000000
18490.000000
17812.000000
14401.000000
13500.000000
12641.000000
8969.000000
4604.000000
468.000000
1527.000000
2058.000000
2622.000000
3914.000000
3505.000000
4267.000000
5373.000000
7419.000000
4609.000000
6057.000000
7347.000000
7179.000000
7670.000000
5446.000000
8414.000000
10547.000000
11159.000000
13049.000000
13671.000000
14952.000000
12468.000000
14347.000000
14267.000000
13961.000000
16289.000000
16687.000000
19071.000000
20968.000000
22521.000000
18166.000000
18449.000000
17633.000000
18812.000000
21190.000000
22095.000000
23553.000000
24143.000000
25095.000000
24767.000000
25399.000000
27178.000000
24443.000000
22649.000000
21667.000000
21582.000000
20772.000000
18652.000000
18413.000000
18658.000000
14148.000000
13838.000000
14519.000000
14320.000000
14460.000000
9508.000000
9936.000000
9406.000000
9917.000000
11132.000000
13272.000000
14184.000000
15650.000000
12299.000000
11118.000000
11633.000000
12825.000000
13339.000000
14627.000000
13353.000000
11401.000000
10810.000000
11163.000000
10201.000000
8252.000000
6820.000000
8096.000000
8601.000000
9766.000000
10758.000000
13152.000000
14403.000000
15170.000000
15794.000000
15579.000000
16263.000000
18877.000000
16429.000000
14746.000000
12067.000000
10647.000000
12243.000000
10310.000000
14083.000000
16697.000000
18078.000000
21221.000000
23665.000000
23546.000000
16484.000000
16940.000000
19207.000000
21118.000000
21225.000000
22488.000000
20917.000000
21793.000000
23021.000000
24683.000000
26972.000000
27467.000000
28233.000000
29722.000000
30950.000000
31061.000000
56782.000000
50067.000000
50294.000000
50389.000000
46904.000000
45809.000000
45132.000000
44157.000000
39840.000000
39628.000000
12760.000000
12234.000000
12985.000000
13908.000000
15540.000000
21170.000000
23339.000000
25959.000000
26980.000000
29279.000000
32451.000000
33118.000000
34709.000000
35912.000000
38293.000000
38920.000000
39656.000000
40767.000000
38663.000000
39200.000000
40925.000000
42673.000000
43839.000000
33284.000000
36655.000000
39727.000000
39054.000000
39835.000000
40355.000000
41506.000000
42530.000000
42986.000000
43916.000000
45297.000000
46380.000000
47843.000000
48658.000000
51193.000000
50628.000000
46748.000000
47266.000000
46102.000000
47079.000000
45140.000000
44348.000000
38362.000000
38074.000000
34747.000000
36529.000000
38960.000000
41569.000000
41794.000000
42121.000000
42320.000000
35309.000000
35072.000000
37436.000000
33202.000000
28488.000000
26996.000000
26033.000000
28003.000000
28283.000000
28682.000000
29505.000000
30058.000000
31305.000000
34197.000000
35889.000000
37740.000000
38114.000000
37931.000000
37713.000000
39549.000000
38791.000000
47190.000000
43192.000000
45191.000000
47648.000000
50771.000000
52051.000000
52299.000000
53435.000000
55243.000000
58102.000000
59788.000000
60396.000000
58991.000000
59037.000000
58442.000000
56935.000000
51168.000000
51613.000000
52399.000000
53389.000000
53847.000000
54519.000000
21543.000000
22006.000000
18881.000000
18857.000000
19246.000000
19664.000000
21419.000000
22386.000000
23627.000000
26962.000000
27727.000000
29248.000000
32703.000000
33223.000000
34407.000000
37583.000000
38321.000000
40983.000000
37664.000000
37612.000000
38542.000000
41140.000000
41672.000000
44982.000000
47652.000000
48832.000000
51817.000000
52292.000000
52740.000000
53703.000000
54720.000000
57373.000000
57890.000000
61074.000000
63723.000000
56929.000000
57402.000000
58312.000000
61038.000000
61467.000000
61961.000000
64971.000000
67744.000000
68813.000000
71584.000000
72008.000000
72421.000000
73397.000000
74395.000000
76858.000000
77546.000000
80044.000000
76395.000000
73514.000000
73967.000000
76609.000000
77211.000000
79654.000000
80137.000000
80573.000000
83187.000000
83608.000000
84082.000000
86693.000000
87158.000000
87603.000000
88016.000000
88454.000000
88840.000000
89247.000000
89651.000000
89935.000000
86281.000000
86831.000000
93479.000000
94031.000000
97220.000000
100013.000000
100529.000000
100949.000000
101368.000000
101832.000000
102264.000000
102699.000000
103114.000000
103526.000000
103918.000000
100671.000000
101246.000000
101636.000000
102567.000000
105713.000000
108644.000000
111648.000000
114586.000000
115881.000000
129218.000000
132725.000000
135297.000000
The average waiting time  is :  139246.835500 
