2 , 4 25793.000000
70727.000000
59693.000000
62046.000000
72841.000000
89333.000000
93207.000000
95930.000000
98135.000000
101235.000000
103254.000000
107857.000000
111512.000000
113635.000000
117310.000000
123242.000000
127310.000000
129615.000000
142022.000000
150551.000000
155794.000000
154290.000000
3373.000000
3395.000000
9945.000000
44509.000000
19250.000000
41553.000000
52338.000000
55763.000000
61251.000000
67055.000000
69615.000000
37696.000000
51015.000000
33738.000000
35303.000000
39694.000000
45063.000000
49355.000000
60335.000000
64133.000000
71990.000000
76868.000000
86279.000000
89574.000000
92838.000000
101847.000000
85910.000000
82714.000000
106011.000000
112801.000000
120016.000000
126772.000000
129576.000000
141997.000000
149353.000000
138334.000000
128087.000000
102546.000000
77986.000000
80083.000000
82461.000000
81400.000000
60857.000000
67604.000000
63873.000000
43347.000000
24620.000000
32041.000000
36524.000000
36771.000000
39101.000000
39949.000000
38965.000000
44508.000000
34254.000000
34179.000000
25955.000000
27937.000000
28631.000000
22133.000000
33542.000000
38823.000000
19012.000000
11205.000000
7934.000000
9399.000000
871.000000
5701.000000
10479.000000
15341.000000
22409.000000
26160.000000
33855.000000
36448.000000
40390.000000
45128.000000
44421.000000
33448.000000
22562.000000
1249.000000
4215.000000
8265.000000
1694.000000
4534.000000
4010.000000
15812.000000
19972.000000
3655.000000
3398.000000
7339.000000
7437.000000
3699.000000
3721.000000
6227.000000
4315.000000
7806.000000
5351.000000
7573.000000
11251.000000
14813.000000
2338.000000
5786.000000
8201.000000
13182.000000
16094.000000
18521.000000
23818.000000
32925.000000
35300.000000
44828.000000
29491.000000
32923.000000
28898.000000
33643.000000
26323.000000
34649.000000
38604.000000
42989.000000
48455.000000
51716.000000
52027.000000
47740.000000
51432.000000
55953.000000
53865.000000
8829.000000
3178.000000
9220.000000
10221.000000
5942.000000
4882.000000
3768.000000
2573.000000
8331.000000
8038.000000
4390.000000
7701.000000
22351.000000
21097.000000
17036.000000
3261.000000
3738.000000
6528.000000
17214.000000
14056.000000
20494.000000
25359.000000
35927.000000
38617.000000
14411.000000
14997.000000
13036.000000
14938.000000
2276.000000
16365.000000
25913.000000
5964.000000
7474.000000
3871.000000
2560.000000
1677.000000
6908.000000
14515.000000
8737.000000
14353.000000
7536.000000
8416.000000
5750.000000
9712.000000
18276.000000
22132.000000
27371.000000
29477.000000
35260.000000
36667.000000
43740.000000
31914.000000
25189.000000
25951.000000
26880.000000
32503.000000
38531.000000
45312.000000
80381.000000
89839.000000
98983.000000
101676.000000
108258.000000
108285.000000
83470.000000
76762.000000
57849.000000
62203.000000
65878.000000
70172.000000
76969.000000
82841.000000
88838.000000
95443.000000
100780.000000
105133.000000
109653.000000
104138.000000
97841.000000
49424.000000
40687.000000
17380.000000
18446.000000
21113.000000
15265.000000
17293.000000
12970.000000
3685.000000
1408.000000
1782.000000
11184.000000
8615.000000
4394.000000
32692.000000
39667.000000
39126.000000
40966.000000
48164.000000
28778.000000
36373.000000
38104.000000
39716.000000
47712.000000
49522.000000
51753.000000
60456.000000
62341.000000
70420.000000
6241.000000
1434.000000
7861.000000
4175.000000
31528.000000
18569.000000
9108.000000
14503.000000
16517.000000
19483.000000
24646.000000
33598.000000
40014.000000
45434.000000
51246.000000
24511.000000
1336.000000
4216.000000
13573.000000
13299.000000
13979.000000
4041.000000
1453.000000
3323.000000
3736.000000
2826.000000
2480.000000
4785.000000
15372.000000
10144.000000
3896.000000
3456.000000
6268.000000
7826.000000
3469.000000
3823.000000
4995.000000
11484.000000
3669.000000
1469.000000
2880.000000
1016.000000
6424.000000
8514.000000
2164.000000
6678.000000
9825.000000
9778.000000
7166.000000
10155.000000
16101.000000
21272.000000
23357.000000
29153.000000
27112.000000
31356.000000
33912.000000
38001.000000
39503.000000
4149.000000
5883.000000
12033.000000
7632.000000
799.000000
527.000000
17601.000000
18050.000000
21339.000000
23950.000000
22627.000000
28022.000000
32071.000000
35493.000000
40123.000000
44571.000000
54249.000000
60383.000000
47435.000000
48548.000000
49640.000000
49872.000000
51427.000000
60361.000000
68592.000000
71379.000000
75693.000000
79952.000000
83197.000000
76211.000000
76523.000000
79477.000000
84848.000000
100809.000000
112268.000000
118542.000000
104314.000000
102648.000000
113179.000000
123813.000000
115628.000000
100951.000000
89363.000000
88300.000000
82458.000000
87046.000000
98720.000000
106993.000000
104125.000000
84645.000000
80743.000000
85334.000000
87443.000000
91281.000000
97207.000000
99477.000000
104714.000000
108750.000000
74553.000000
73017.000000
78440.000000
82079.000000
87141.000000
94781.000000
99207.000000
108343.000000
109148.000000
115686.000000
119163.000000
124097.000000
131900.000000
139604.000000
143929.000000
148157.000000
85940.000000
79288.000000
83275.000000
74563.000000
82551.000000
84650.000000
90704.000000
99017.000000
103543.000000
106549.000000
110742.000000
113587.000000
104957.000000
99336.000000
91427.000000
89885.000000
93679.000000
99716.000000
104275.000000
109406.000000
112077.000000
114917.000000
95740.000000
90150.000000
86849.000000
95164.000000
97205.000000
104282.000000
111578.000000
89969.000000
39827.000000
34262.000000
46385.000000
51356.000000
59166.000000
63138.000000
69110.000000
72616.000000
77332.000000
75858.000000
71192.000000
80920.000000
84601.000000
86367.000000
89869.000000
101664.000000
104499.000000
109686.000000
109367.000000
97749.000000
103072.000000
107390.000000
91729.000000
81220.000000
84659.000000
82054.000000
85248.000000
91280.000000
93190.000000
95054.000000
101047.000000
86608.000000
83815.000000
92416.000000
44391.000000
41462.000000
45575.000000
45138.000000
42978.000000
44843.000000
48572.000000
56353.000000
64930.000000
69805.000000
72439.000000
58994.000000
53744.000000
54795.000000
48262.000000
52026.000000
62284.000000
68255.000000
77590.000000
81277.000000
88570.000000
84108.000000
69018.000000
46165.000000
34712.000000
21807.000000
16209.000000
7135.000000
13358.000000
8473.000000
4151.000000
19720.000000
21044.000000
20014.000000
3606.000000
1545.000000
4497.000000
12207.000000
17383.000000
1503.000000
10444.000000
2636.000000
1536.000000
5122.000000
11969.000000
8392.000000
2674.000000
2042.000000
30813.000000
1377.000000
2686.000000
2932.000000
1790.000000
3214.000000
6398.000000
3402.000000
4688.000000
3738.000000
1007.000000
6308.000000
10280.000000
5374.000000
3667.000000
10333.000000
15870.000000
11667.000000
2666.000000
934.000000
2767.000000
1261.000000
864.000000
932.000000
3264.000000
651.000000
612.000000
11429.000000
11414.000000
6404.000000
5104.000000
20747.000000
22165.000000
16311.000000
3105.000000
3430.000000
21758.000000
19694.000000
23776.000000
29945.000000
37232.000000
42418.000000
46544.000000
52301.000000
56287.000000
60669.000000
70485.000000
70412.000000
65904.000000
58483.000000
34660.000000
35752.000000
35753.000000
25685.000000
29650.000000
32260.000000
43140.000000
48347.000000
15958.000000
11621.000000
4519.000000
1433.000000
8039.000000
18760.000000
25001.000000
20767.000000
22538.000000
23343.000000
24625.000000
26348.000000
5547.000000
7106.000000
15095.000000
13138.000000
15924.000000
15645.000000
17496.000000
2643.000000
5638.000000
12309.000000
969.000000
2470.000000
836.000000
972.000000
2658.000000
7506.000000
8254.000000
15495.000000
16477.000000
13384.000000
14464.000000
4996.000000
5108.000000
5877.000000
1888.000000
3997.000000
2415.000000
8017.000000
8799.000000
1832.000000
8974.000000
9791.000000
6184.000000
8224.000000
12772.000000
8858.000000
7215.000000
6141.000000
11059.000000
4476.000000
17458.000000
24460.000000
20492.000000
24184.000000
20828.000000
24882.000000
821.000000
8829.000000
11941.000000
11541.000000
3638.000000
669.000000
492.000000
4069.000000
15207.000000
19829.000000
11917.000000
5406.000000
21428.000000
23384.000000
16912.000000
4284.000000
1912.000000
8091.000000
10993.000000
4381.000000
1897.000000
8127.000000
10712.000000
8622.000000
59381.000000
60792.000000
4893.000000
3153.000000
4287.000000
4289.000000
6277.000000
7767.000000
1857.000000
217.000000
643.000000
2285.000000
1600.000000
2097.000000
776.000000
594.000000
724.000000
3740.000000
2418.000000
1025.000000
380.000000
802.000000
1703.000000
1439.000000
2966.000000
1633.000000
2653.000000
3319.000000
3423.000000
2000.000000
3868.000000
4503.000000
6504.000000
8028.000000
9098.000000
9966.000000
14009.000000
16504.000000
15642.000000
17066.000000
19235.000000
21541.000000
22792.000000
24598.000000
25356.000000
27063.000000
28042.000000
28936.000000
30711.000000
31962.000000
32078.000000
31417.000000
27372.000000
28819.000000
30302.000000
31904.000000
32921.000000
33866.000000
34329.000000
35728.000000
36655.000000
37489.000000
38009.000000
33178.000000
32030.000000
17024.000000
15954.000000
15397.000000
18043.000000
19583.000000
21085.000000
21952.000000
18490.000000
13327.000000
10191.000000
3623.000000
5442.000000
5380.000000
6214.000000
5898.000000
5976.000000
4236.000000
6030.000000
947.000000
906.000000
1522.000000
1177.000000
566.000000
531.000000
495.000000
1820.000000
1199.000000
823.000000
457.000000
559.000000
960.000000
379.000000
1073.000000
2963.000000
3424.000000
3977.000000
6616.000000
7116.000000
9400.000000
9832.000000
11598.000000
13340.000000
2425.000000
3203.000000
3928.000000
4592.000000
3258.000000
2015.000000
2605.000000
1850.000000
344.000000
2549.000000
4583.000000
5190.000000
4041.000000
1049.000000
907.000000
1634.000000
3218.000000
3215.000000
4244.000000
5748.000000
5726.000000
3318.000000
2335.000000
2654.000000
3274.000000
3653.000000
3942.000000
4189.000000
4440.000000
739.000000
195.000000
227.000000
1172.000000
1719.000000
1630.000000
1861.000000
309.000000
668.000000
1439.000000
662.000000
179.000000
253.000000
173.000000
145.000000
285.000000
500.000000
1021.000000
3225.000000
657.000000
1077.000000
2242.000000
3069.000000
4858.000000
493.000000
1714.000000
2939.000000
4550.000000
4981.000000
603.000000
573.000000
161.000000
3335.000000
4285.000000
1245.000000
795.000000
920.000000
1237.000000
1665.000000
2963.000000
5211.000000
7317.000000
3450.000000
3814.000000
4575.000000
5503.000000
6121.000000
6801.000000
7638.000000
2699.000000
4816.000000
330.000000
1595.000000
826.000000
1489.000000
3400.000000
3724.000000
3849.000000
3516.000000
618.000000
3655.000000
6519.000000
6671.000000
7624.000000
9392.000000
10459.000000
11749.000000
12950.000000
15270.000000
17003.000000
17970.000000
16998.000000
18663.000000
20204.000000
22032.000000
24098.000000
25460.000000
27040.000000
27676.000000
29369.000000
30931.000000
32594.000000
27121.000000
26942.000000
28040.000000
29014.000000
27731.000000
28657.000000
29879.000000
27215.000000
25450.000000
24441.000000
22541.000000
19905.000000
19299.000000
13342.000000
12261.000000
12729.000000
14143.000000
15299.000000
17275.000000
17887.000000
13883.000000
9721.000000
10301.000000
10796.000000
8625.000000
5890.000000
2786.000000
2634.000000
1965.000000
1664.000000
1178.000000
1960.000000
1457.000000
1338.000000
754.000000
1132.000000
590.000000
1314.000000
2299.000000
4142.000000
4426.000000
3968.000000
5488.000000
4721.000000
5578.000000
4486.000000
8436.000000
10609.000000
11688.000000
12008.000000
10463.000000
10028.000000
12379.000000
12609.000000
13106.000000
13839.000000
11032.000000
6948.000000
8050.000000
1616.000000
2069.000000
799.000000
2898.000000
2969.000000
3386.000000
1022.000000
2981.000000
2855.000000
3312.000000
237.000000
1515.000000
1992.000000
740.000000
736.000000
1591.000000
1852.000000
186.000000
172.000000
975.000000
735.000000
1465.000000
4685.000000
2836.000000
3779.000000
5024.000000
6317.000000
7817.000000
8691.000000
10082.000000
926.000000
1587.000000
1308.000000
2652.000000
2138.000000
2215.000000
3267.000000
5152.000000
5645.000000
6254.000000
7773.000000
8551.000000
5210.000000
176.000000
497.000000
943.000000
596.000000
1212.000000
3196.000000
4635.000000
4935.000000
5416.000000
4547.000000
3706.000000
273.000000
740.000000
709.000000
753.000000
598.000000
2448.000000
2587.000000
15036.000000
16536.000000
17730.000000
18994.000000
19976.000000
1403.000000
701.000000
747.000000
970.000000
1418.000000
3338.000000
4225.000000
4347.000000
877.000000
2371.000000
1011.000000
4345.000000
6560.000000
6237.000000
6654.000000
7548.000000
7425.000000
5354.000000
3212.000000
1774.000000
124.000000
242.000000
927.000000
1561.000000
794.000000
1503.000000
3553.000000
1470.000000
462.000000
873.000000
581.000000
1567.000000
1623.000000
2085.000000
736.000000
1500.000000
1516.000000
515.000000
3191.000000
6667.000000
7326.000000
8225.000000
8459.000000
9445.000000
11094.000000
11023.000000
12049.000000
13599.000000
7007.000000
8441.000000
8247.000000
4341.000000
3574.000000
539.000000
614.000000
603.000000
549.000000
2818.000000
4504.000000
3972.000000
4417.000000
5054.000000
4571.000000
5188.000000
5953.000000
6791.000000
8181.000000
9663.000000
10307.000000
11650.000000
12892.000000
501.000000
734.000000
1624.000000
2683.000000
1344.000000
2875.000000
595.000000
1000.000000
2362.000000
724.000000
842.000000
264.000000
1464.000000
3312.000000
5233.000000
6495.000000
5782.000000
5456.000000
5679.000000
2970.000000
2012.000000
712.000000
1357.000000
2005.000000
2985.000000
648.000000
1947.000000
1972.000000
2536.000000
1449.000000
816.000000
856.000000
1476.000000
307.000000
194.000000
178.000000
174.000000
970.000000
248.000000
1267.000000
1188.000000
786.000000
863.000000
953.000000
235.000000
237.000000
1083.000000
562.000000
921.000000
652.000000
798.000000
2414.000000
3795.000000
3064.000000
3693.000000
3836.000000
4591.000000
4948.000000
4798.000000
3772.000000
3306.000000
3478.000000
1509.000000
813.000000
916.000000
2801.000000
2916.000000
2531.000000
2514.000000
2514.000000
1595.000000
836.000000
837.000000
1550.000000
2932.000000
1335.000000
2213.000000
2716.000000
4152.000000
1517.000000
495.000000
595.000000
1195.000000
1231.000000
1611.000000
2152.000000
3236.000000
136.000000
376.000000
929.000000
650.000000
1525.000000
1282.000000
2440.000000
3576.000000
3785.000000
5901.000000
4482.000000
5122.000000
7819.000000
8907.000000
10238.000000
8640.000000
9525.000000
8708.000000
2471.000000
1715.000000
2877.000000
384.000000
242.000000
1601.000000
3135.000000
764.000000
1381.000000
658.000000
374.000000
167.000000
598.000000
78.000000
1257.000000
1258.000000
924.000000
1342.000000
2252.000000
1718.000000
4091.000000
2695.000000
3192.000000
3587.000000
5075.000000
5990.000000
6630.000000
525.000000
729.000000
2526.000000
2996.000000
3892.000000
4901.000000
5741.000000
6305.000000
7047.000000
9520.000000
2430.000000
2673.000000
1334.000000
1414.000000
1625.000000
477.000000
751.000000
581.000000
540.000000
1170.000000
1085.000000
218.000000
3784.000000
3817.000000
608.000000
375.000000
820.000000
424.000000
875.000000
552.000000
1383.000000
683.000000
3798.000000
753.000000
832.000000
703.000000
527.000000
444.000000
985.000000
1298.000000
1676.000000
4185.000000
4738.000000
4301.000000
4091.000000
4904.000000
678.000000
2179.000000
3288.000000
4137.000000
5450.000000
4638.000000
5498.000000
6686.000000
8295.000000
9632.000000
11116.000000
12931.000000
13743.000000
13658.000000
15610.000000
17579.000000
18545.000000
14518.000000
11429.000000
9478.000000
8135.000000
7807.000000
2526.000000
2928.000000
2957.000000
3109.000000
514.000000
1668.000000
2388.000000
3233.000000
4103.000000
5163.000000
1384.000000
1880.000000
716.000000
1764.000000
224.000000
852.000000
1791.000000
251.000000
644.000000
2522.000000
846.000000
904.000000
2529.000000
2456.000000
3959.000000
6666.000000
7532.000000
9216.000000
10638.000000
11485.000000
12294.000000
13214.000000
12541.000000
11592.000000
12248.000000
13144.000000
14110.000000
15839.000000
16722.000000
17542.000000
18743.000000
20476.000000
22018.000000
23445.000000
24693.000000
26400.000000
27359.000000
25488.000000
9750.000000
498.000000
875.000000
1038.000000
3134.000000
2523.000000
3471.000000
5265.000000
6223.000000
7324.000000
8299.000000
9722.000000
11194.000000
13851.000000
15781.000000
16803.000000
14593.000000
9838.000000
11017.000000
11086.000000
12260.000000
23917.000000
25379.000000
27426.000000
25724.000000
23359.000000
6923.000000
6714.000000
7566.000000
8777.000000
10875.000000
16435.000000
19564.000000
21652.000000
17127.000000
12547.000000
13314.000000
14465.000000
15818.000000
18485.000000
17773.000000
18910.000000
19751.000000
22556.000000
24220.000000
25294.000000
24301.000000
25707.000000
26866.000000
27798.000000
26892.000000
24762.000000
24184.000000
24544.000000
24979.000000
24548.000000
19752.000000
19457.000000
18977.000000
10898.000000
9132.000000
4234.000000
2165.000000
1702.000000
240.000000
1137.000000
4091.000000
1834.000000
2689.000000
3810.000000
4630.000000
6386.000000
7307.000000
8952.000000
11666.000000
14674.000000
13605.000000
9209.000000
7503.000000
9354.000000
2477.000000
1173.000000
709.000000
3828.000000
6094.000000
5448.000000
677.000000
1298.000000
3781.000000
5035.000000
4423.000000
4936.000000
4402.000000
5610.000000
6966.000000
5677.000000
7254.000000
8473.000000
9488.000000
4121.000000
434.000000
5164.000000
5947.000000
4208.000000
813.000000
507.000000
1767.000000
3300.000000
3538.000000
1212.000000
387.000000
950.000000
1644.000000
651.000000
445.000000
859.000000
2392.000000
2286.000000
2653.000000
291.000000
2223.000000
2211.000000
4366.000000
4802.000000
5611.000000
6329.000000
8094.000000
9203.000000
10814.000000
11747.000000
2627.000000
1384.000000
198.000000
222.000000
3351.000000
2545.000000
3822.000000
2483.000000
3772.000000
338.000000
2054.000000
2874.000000
1041.000000
495.000000
1088.000000
767.000000
161.000000
1560.000000
4025.000000
216.000000
1303.000000
2785.000000
4510.000000
4618.000000
874.000000
493.000000
1134.000000
781.000000
235.000000
989.000000
1816.000000
2407.000000
5224.000000
6431.000000
5044.000000
945.000000
3900.000000
5573.000000
6278.000000
6310.000000
4927.000000
4497.000000
4856.000000
3661.000000
5650.000000
7263.000000
9866.000000
10734.000000
13135.000000
14491.000000
15982.000000
11086.000000
12072.000000
12696.000000
14032.000000
11024.000000
10318.000000
8467.000000
7082.000000
6474.000000
4238.000000
4016.000000
6437.000000
5031.000000
5611.000000
4593.000000
4794.000000
619.000000
2232.000000
479.000000
926.000000
2357.000000
3655.000000
4458.000000
7352.000000
8664.000000
10002.000000
5149.000000
1318.000000
3950.000000
3127.000000
5138.000000
6127.000000
8449.000000
9223.000000
8579.000000
10209.000000
11255.000000
12493.000000
11967.000000
13396.000000
15828.000000
16634.000000
17314.000000
17893.000000
17071.000000
16220.000000
17658.000000
19089.000000
20228.000000
17839.000000
16774.000000
18256.000000
1999.000000
3392.000000
2156.000000
3220.000000
2207.000000
919.000000
753.000000
1331.000000
673.000000
163.000000
890.000000
133.000000
1366.000000
2920.000000
2450.000000
1759.000000
1011.000000
1833.000000
2287.000000
1037.000000
3035.000000
3082.000000
628.000000
745.000000
175.000000
743.000000
1057.000000
2078.000000
2524.000000
2212.000000
3799.000000
4694.000000
983.000000
826.000000
3919.000000
4101.000000
3871.000000
4274.000000
2999.000000
4418.000000
5537.000000
6819.000000
3192.000000
3889.000000
2012.000000
5458.000000
7121.000000
6512.000000
5727.000000
5808.000000
6955.000000
10599.000000
12669.000000
9338.000000
9921.000000
10593.000000
12490.000000
15288.000000
16589.000000
18301.000000
19194.000000
20857.000000
23641.000000
24112.000000
23199.000000
22025.000000
20171.000000
20003.000000
20780.000000
22165.000000
23380.000000
24254.000000
25397.000000
25917.000000
26826.000000
27050.000000
28291.000000
29535.000000
25076.000000
24657.000000
25481.000000
19708.000000
16393.000000
15429.000000
14532.000000
14430.000000
13644.000000
12120.000000
11540.000000
12811.000000
13844.000000
15588.000000
16780.000000
18106.000000
18948.000000
21723.000000
22667.000000
23213.000000
21829.000000
21011.000000
18521.000000
19846.000000
15813.000000
16616.000000
13232.000000
14104.000000
14315.000000
11982.000000
4277.000000
4013.000000
1843.000000
2659.000000
766.000000
1179.000000
3842.000000
2826.000000
988.000000
1802.000000
209927.000000
9610.000000
7423.000000
7518.000000
18393.000000
19163.000000
20941.000000
21470.000000
22134.000000
23615.000000
25378.000000
27866.000000
29939.000000
33173.000000
37803.000000
38726.000000
39681.000000
40779.000000
42209.000000
43328.000000
45554.000000
46616.000000
48591.000000
49050.000000
48190.000000
26232.000000
23578.000000
20905.000000
14061.000000
14762.000000
17118.000000
18647.000000
19422.000000
20613.000000
10399.000000
8662.000000
10607.000000
1999.000000
3639.000000
3175.000000
4449.000000
6390.000000
6844.000000
1282.000000
871.000000
1491.000000
628.000000
1704.000000
2001.000000
1529.000000
3398.000000
5004.000000
6661.000000
7192.000000
8325.000000
6962.000000
6197.000000
1025.000000
1221.000000
1629.000000
1787.000000
1864.000000
2463.000000
407.000000
1049.000000
1490.000000
767.000000
1741.000000
537.000000
2434.000000
675.000000
1134.000000
789.000000
2228.000000
1067.000000
2961.000000
1898.000000
1645.000000
2822.000000
2293.000000
1280.000000
1920.000000
5334.000000
5959.000000
4011.000000
716.000000
920.000000
3699.000000
1782.000000
1091.000000
1916.000000
1676.000000
4261.000000
3171.000000
1385.000000
2878.000000
2193.000000
2448.000000
5861.000000
912.000000
412.000000
3206.000000
5923.000000
8921.000000
9319.000000
10006.000000
12649.000000
13144.000000
14013.000000
14979.000000
15339.000000
15778.000000
985.000000
2294.000000
3564.000000
2626.000000
765.000000
249.000000
2735.000000
3834.000000
3386.000000
671.000000
2100.000000
1018.000000
297.000000
758.000000
1062.000000
320.000000
1413.000000
1905.000000
3751.000000
1016.000000
2005.000000
1329.000000
1511.000000
1236.000000
2109.000000
816.000000
468.000000
1544.000000
2593.000000
821.000000
1025.000000
1691.000000
2620.000000
3584.000000
2096.000000
3156.000000
4397.000000
5826.000000
7115.000000
4473.000000
3732.000000
5014.000000
7109.000000
7669.000000
8005.000000
9370.000000
11306.000000
12203.000000
8817.000000
10426.000000
7371.000000
1680.000000
1319.000000
750.000000
1094.000000
1478.000000
1536.000000
1407.000000
2356.000000
5139.000000
6147.000000
6070.000000
7923.000000
7477.000000
9267.000000
10507.000000
12073.000000
13078.000000
15302.000000
17273.000000
18950.000000
20156.000000
21914.000000
21420.000000
22273.000000
23193.000000
22679.000000
24579.000000
25805.000000
27884.000000
28733.000000
30434.000000
30989.000000
23292.000000
22429.000000
22928.000000
22773.000000
22193.000000
17004.000000
16090.000000
13686.000000
12740.000000
10951.000000
3095.000000
807.000000
1607.000000
3455.000000
2333.000000
3592.000000
3001.000000
3325.000000
827.000000
221.000000
585.000000
1808.000000
756.000000
1765.000000
2574.000000
1136.000000
1592.000000
1325.000000
1467.000000
2543.000000
3858.000000
2915.000000
2319.000000
840.000000
1167.000000
3861.000000
3009.000000
3395.000000
2061.000000
3479.000000
2283.000000
1007.000000
778.000000
777.000000
930.000000
1148.000000
169.000000
802.000000
351.000000
3799.000000
1412.000000
904.000000
2051.000000
1093.000000
3505.000000
2445.000000
1095.000000
805.000000
82.000000
1173.000000
350.000000
743.000000
1085.000000
2548.000000
4628.000000
596.000000
3707.000000
2782.000000
3323.000000
2084.000000
541.000000
752.000000
1004.000000
2058.000000
3272.000000
135.000000
776.000000
879.000000
722.000000
1080.000000
399.000000
1038.000000
3603.000000
2578.000000
2887.000000
2420.000000
1344.000000
1354.000000
302.000000
1176.000000
529.000000
811.000000
636.000000
1600.000000
1988.000000
849.000000
706.000000
618.000000
1923.000000
3263.000000
1964.000000
1093.000000
5331.000000
4078.000000
1273.000000
3649.000000
2417.000000
1155.000000
5644.000000
4494.000000
999.000000
703.000000
3388.000000
2099.000000
3833.000000
1577.000000
395.000000
772.000000
97.000000
1085.000000
334.000000
821.000000
124.000000
1098.000000
323.000000
735.000000
80.000000
1146.000000
350.000000
745.000000
933.000000
188.000000
3346.000000
762.000000
67.000000
3438.000000
1111.000000
5554.000000
4437.000000
1010.000000
881.000000
3445.000000
1326.000000
201.000000
930.000000
2147.000000
2848.000000
1003.000000
286.000000
3272.000000
757.000000
64.000000
The average waiting time  is :  18569.243500 
