4 , 8 34455.000000
61639.000000
97977.000000
39871.000000
17700.000000
11072.000000
30158.000000
19882.000000
6078.000000
9509.000000
4699.000000
11094.000000
2501.000000
3782.000000
1879.000000
2931.000000
1009.000000
2021.000000
8494.000000
20703.000000
27534.000000
13469.000000
9167.000000
3527.000000
2131.000000
4344.000000
7129.000000
5238.000000
7391.000000
2996.000000
2739.000000
978.000000
5267.000000
20770.000000
12935.000000
17904.000000
13865.000000
11542.000000
25174.000000
28539.000000
21513.000000
3209.000000
2404.000000
14244.000000
12319.000000
8823.000000
9541.000000
16010.000000
18938.000000
18477.000000
1645.000000
2020.000000
10274.000000
13960.000000
27846.000000
38661.000000
36032.000000
39775.000000
47802.000000
53059.000000
31121.000000
24563.000000
1188.000000
13741.000000
22599.000000
25650.000000
27052.000000
20444.000000
9964.000000
9495.000000
5011.000000
9381.000000
8483.000000
18181.000000
15030.000000
10632.000000
912.000000
3701.000000
8912.000000
17914.000000
10170.000000
13489.000000
2138.000000
6801.000000
8679.000000
14921.000000
17926.000000
15063.000000
18726.000000
22231.000000
26657.000000
24875.000000
1624.000000
1293.000000
8032.000000
7438.000000
841.000000
15813.000000
14641.000000
21121.000000
21823.000000
15317.000000
14907.000000
4953.000000
4587.000000
12790.000000
14390.000000
17197.000000
20848.000000
692.000000
685.000000
2838.000000
451.000000
3534.000000
724.000000
2854.000000
6645.000000
11625.000000
14021.000000
5711.000000
3654.000000
9705.000000
15959.000000
18720.000000
25642.000000
22603.000000
20616.000000
25757.000000
26927.000000
3110.000000
4993.000000
9454.000000
3516.000000
3634.000000
10864.000000
8651.000000
841.000000
1373.000000
3966.000000
1681.000000
565.000000
3395.000000
7909.000000
8135.000000
3192.000000
5624.000000
4293.000000
13101.000000
19654.000000
21589.000000
23771.000000
26952.000000
12882.000000
10761.000000
12920.000000
3095.000000
2611.000000
12799.000000
16869.000000
21323.000000
33128.000000
10734.000000
2930.000000
1617.000000
1076.000000
977.000000
965.000000
8233.000000
9318.000000
13883.000000
5758.000000
875.000000
7068.000000
18122.000000
19740.000000
20789.000000
4981.000000
5338.000000
926.000000
3968.000000
2798.000000
1244.000000
1923.000000
5098.000000
5255.000000
6584.000000
13280.000000
17160.000000
21768.000000
21479.000000
26855.000000
25999.000000
18292.000000
34611.000000
39098.000000
47395.000000
52556.000000
64292.000000
77549.000000
83466.000000
86737.000000
93776.000000
97043.000000
105722.000000
111430.000000
113040.000000
118622.000000
124220.000000
119688.000000
106183.000000
89292.000000
91386.000000
93860.000000
95478.000000
98869.000000
101900.000000
110725.000000
119223.000000
119649.000000
126287.000000
130798.000000
135675.000000
140612.000000
131136.000000
133045.000000
138711.000000
145834.000000
148560.000000
153221.000000
158687.000000
163923.000000
166729.000000
169544.000000
166102.000000
114827.000000
108971.000000
113277.000000
72764.000000
58866.000000
3332.000000
3990.000000
8313.000000
14445.000000
3549.000000
16259.000000
2593.000000
5128.000000
3093.000000
2836.000000
3178.000000
8194.000000
7655.000000
4438.000000
3179.000000
6007.000000
1903.000000
3436.000000
3947.000000
3836.000000
2965.000000
5167.000000
3567.000000
9001.000000
17118.000000
20785.000000
7682.000000
5000.000000
6309.000000
16045.000000
13689.000000
2285.000000
8175.000000
10347.000000
6083.000000
13278.000000
8169.000000
2252.000000
2875.000000
5625.000000
4786.000000
15007.000000
12423.000000
19042.000000
3394.000000
5461.000000
18397.000000
12852.000000
15081.000000
1822.000000
5171.000000
8510.000000
4698.000000
2886.000000
3904.000000
5250.000000
7908.000000
12979.000000
17160.000000
20165.000000
2917.000000
3356.000000
4418.000000
4106.000000
5836.000000
3091.000000
5608.000000
943.000000
4283.000000
590.000000
4051.000000
7545.000000
13152.000000
20267.000000
21797.000000
20577.000000
5664.000000
5360.000000
3669.000000
2699.000000
1388.000000
3480.000000
2150.000000
3746.000000
983.000000
3777.000000
6818.000000
7059.000000
78578.000000
81755.000000
12615.000000
14848.000000
3097.000000
20277.000000
30667.000000
29993.000000
31521.000000
38783.000000
26938.000000
2057.000000
2343.000000
1061.000000
560.000000
3610.000000
1557.000000
5268.000000
8626.000000
13576.000000
20584.000000
5274.000000
3553.000000
3578.000000
9235.000000
2517.000000
6743.000000
18509.000000
20260.000000
22796.000000
26305.000000
10724.000000
16510.000000
6749.000000
4649.000000
1383.000000
3770.000000
9575.000000
18309.000000
25660.000000
23630.000000
16399.000000
3365.000000
5299.000000
7495.000000
5759.000000
2184.000000
10003.000000
21695.000000
20914.000000
23032.000000
4106.000000
12740.000000
18151.000000
19871.000000
11954.000000
6610.000000
3235.000000
1090.000000
7976.000000
10453.000000
20711.000000
5268.000000
4452.000000
5457.000000
16674.000000
13564.000000
15451.000000
2739.000000
1263.000000
7084.000000
12542.000000
3882.000000
8130.000000
15116.000000
11368.000000
17048.000000
22292.000000
7603.000000
10299.000000
10268.000000
11125.000000
13857.000000
1730.000000
4395.000000
2664.000000
3115.000000
3583.000000
6010.000000
457.000000
4197.000000
9664.000000
4300.000000
1038.000000
8226.000000
13746.000000
18576.000000
7068.000000
5273.000000
3507.000000
7655.000000
8495.000000
15984.000000
9988.000000
16847.000000
7214.000000
9010.000000
4053.000000
3351.000000
7391.000000
2030.000000
6901.000000
2948.000000
2452.000000
2779.000000
5180.000000
11034.000000
10173.000000
7169.000000
8979.000000
2392.000000
3989.000000
5506.000000
12532.000000
9028.000000
3260.000000
2319.000000
2103.000000
5034.000000
2038.000000
6081.000000
12063.000000
9947.000000
6843.000000
2302.000000
22259.000000
2938.000000
1709.000000
1625.000000
4431.000000
5517.000000
19638.000000
15075.000000
21477.000000
22831.000000
1378.000000
1978.000000
947.000000
4047.000000
5370.000000
9417.000000
1164.000000
2263.000000
2885.000000
813.000000
1718.000000
707.000000
9716.000000
10276.000000
13680.000000
16118.000000
7831.000000
1983.000000
4010.000000
4128.000000
14151.000000
18260.000000
24067.000000
28638.000000
29904.000000
12380.000000
4320.000000
17157.000000
18282.000000
4057.000000
7127.000000
11611.000000
20806.000000
25709.000000
11529.000000
7038.000000
5318.000000
2036.000000
4961.000000
4978.000000
10297.000000
1759.000000
6680.000000
1216.000000
3974.000000
2653.000000
776.000000
5017.000000
7576.000000
12897.000000
8209.000000
13674.000000
9125.000000
13360.000000
6412.000000
2574.000000
4506.000000
9206.000000
4902.000000
6820.000000
889.000000
2189.000000
10873.000000
17811.000000
24111.000000
27532.000000
25792.000000
28921.000000
18934.000000
3305.000000
2618.000000
1187.000000
5037.000000
9105.000000
1530.000000
5408.000000
2934.000000
4330.000000
2546.000000
10112.000000
1098.000000
2870.000000
569.000000
6628.000000
10694.000000
2608.000000
4132.000000
16261.000000
12859.000000
14818.000000
2608.000000
3023.000000
2246.000000
1974.000000
3466.000000
6287.000000
6395.000000
12985.000000
7946.000000
3907.000000
9148.000000
7697.000000
4443.000000
2881.000000
6615.000000
6077.000000
5362.000000
8757.000000
1289.000000
14404.000000
21422.000000
24295.000000
19365.000000
20705.000000
833.000000
3178.000000
5698.000000
10728.000000
2223.000000
3094.000000
6186.000000
11652.000000
5360.000000
5143.000000
3971.000000
7273.000000
2312.000000
1500.000000
5039.000000
4179.000000
7006.000000
11060.000000
17997.000000
748.000000
10809.000000
11849.000000
16339.000000
21466.000000
25015.000000
26925.000000
6870.000000
1481.000000
805.000000
3987.000000
16572.000000
12486.000000
5255.000000
11367.000000
9861.000000
4760.000000
2154.000000
7404.000000
1853.000000
1569.000000
2526.000000
1714.000000
13999.000000
14362.000000
14264.000000
13265.000000
2531.000000
3991.000000
9079.000000
4271.000000
12315.000000
14240.000000
3240.000000
4912.000000
7906.000000
13778.000000
10471.000000
1059.000000
5132.000000
1069.000000
3390.000000
1938.000000
2765.000000
1304.000000
4833.000000
1396.000000
11875.000000
21451.000000
22115.000000
18567.000000
23645.000000
3651.000000
7593.000000
75784.000000
79441.000000
6263.000000
2426.000000
16039.000000
20615.000000
28031.000000
26022.000000
4847.000000
1732.000000
5858.000000
2149.000000
3621.000000
5988.000000
1594.000000
8442.000000
16898.000000
17684.000000
11520.000000
1984.000000
3477.000000
3063.000000
2838.000000
8625.000000
15833.000000
18972.000000
13096.000000
19997.000000
19507.000000
19379.000000
17083.000000
26524.000000
17034.000000
20542.000000
12377.000000
17464.000000
22773.000000
26938.000000
34757.000000
44803.000000
49597.000000
52585.000000
16685.000000
2394.000000
3471.000000
4525.000000
2968.000000
1399.000000
1152.000000
9079.000000
12433.000000
14049.000000
14159.000000
1286.000000
1119.000000
7851.000000
13276.000000
11086.000000
3384.000000
3063.000000
2303.000000
3157.000000
3894.000000
825.000000
1145.000000
4329.000000
17707.000000
3762.000000
3743.000000
5276.000000
2366.000000
8458.000000
12536.000000
16006.000000
7956.000000
10692.000000
6146.000000
8264.000000
9596.000000
10703.000000
2914.000000
2469.000000
6882.000000
10167.000000
8709.000000
9351.000000
3563.000000
13455.000000
16234.000000
25573.000000
24018.000000
15701.000000
4003.000000
5218.000000
2299.000000
507.000000
11901.000000
16151.000000
18226.000000
21115.000000
4385.000000
3952.000000
7584.000000
17459.000000
10533.000000
15570.000000
12711.000000
11611.000000
5138.000000
911.000000
4422.000000
2877.000000
990.000000
16098.000000
15167.000000
15443.000000
12348.000000
12985.000000
10005.000000
1785.000000
760.000000
4358.000000
5445.000000
1587.000000
3737.000000
1993.000000
716.000000
4886.000000
5154.000000
7605.000000
15297.000000
8351.000000
10922.000000
14368.000000
15636.000000
7547.000000
6350.000000
3251.000000
11801.000000
11307.000000
5100.000000
6099.000000
7451.000000
13785.000000
12773.000000
5233.000000
11404.000000
10142.000000
11671.000000
15589.000000
22560.000000
9109.000000
5567.000000
5106.000000
6198.000000
12405.000000
12471.000000
11063.000000
4996.000000
3928.000000
2008.000000
3238.000000
10692.000000
9079.000000
8393.000000
1919.000000
13264.000000
19462.000000
6652.000000
11092.000000
4622.000000
37525.000000
42535.000000
40612.000000
4727.000000
1546.000000
926.000000
4997.000000
8318.000000
10105.000000
9074.000000
4042.000000
7786.000000
1524.000000
6504.000000
14131.000000
13094.000000
1039.000000
3469.000000
5970.000000
435.000000
6795.000000
12288.000000
6675.000000
2778.000000
2687.000000
3289.000000
5172.000000
2646.000000
7453.000000
18081.000000
25204.000000
18687.000000
26190.000000
29317.000000
6204.000000
6995.000000
12891.000000
4078.000000
3752.000000
3230.000000
5266.000000
2493.000000
6997.000000
10804.000000
2525.000000
6027.000000
19200.000000
13204.000000
17125.000000
7323.000000
7860.000000
6517.000000
11083.000000
6292.000000
3947.000000
8006.000000
5427.000000
5358.000000
7014.000000
4021.000000
737.000000
5733.000000
3050.000000
3967.000000
19316.000000
24104.000000
31269.000000
32645.000000
37148.000000
6698.000000
9593.000000
6376.000000
2532.000000
1407.000000
7521.000000
2851.000000
3887.000000
990.000000
1023.000000
6757.000000
8623.000000
2457.000000
18057.000000
16321.000000
20437.000000
17729.000000
6965.000000
10721.000000
659.000000
834.000000
13493.000000
5698.000000
3868.000000
4959.000000
11680.000000
8514.000000
2935.000000
5772.000000
7776.000000
8471.000000
9079.000000
11662.000000
17351.000000
14899.000000
22174.000000
33119.000000
4520.000000
1683.000000
5231.000000
7912.000000
14667.000000
19676.000000
4325.000000
24872.000000
27616.000000
32909.000000
16653.000000
19973.000000
24894.000000
31242.000000
39122.000000
52408.000000
57300.000000
62639.000000
72888.000000
78667.000000
52124.000000
50821.000000
56954.000000
62493.000000
68451.000000
73846.000000
80009.000000
84031.000000
90029.000000
97170.000000
101571.000000
90491.000000
59849.000000
60449.000000
70753.000000
66961.000000
61510.000000
59799.000000
63353.000000
68971.000000
73434.000000
80541.000000
82135.000000
86139.000000
94401.000000
97994.000000
102949.000000
112275.000000
116950.000000
120447.000000
125258.000000
180675.000000
174311.000000
182378.000000
184393.000000
188245.000000
194233.000000
197988.000000
207450.000000
215293.000000
218386.000000
172447.000000
164189.000000
2542.000000
6435.000000
4273.000000
2517.000000
2523.000000
3681.000000
7341.000000
15444.000000
10199.000000
13356.000000
13604.000000
1615.000000
1605.000000
1144.000000
5178.000000
6336.000000
11171.000000
7512.000000
13201.000000
3862.000000
4813.000000
5307.000000
3221.000000
6947.000000
32857.000000
19101.000000
11003.000000
14129.000000
6756.000000
3281.000000
6453.000000
5441.000000
3703.000000
433.000000
5312.000000
11153.000000
13199.000000
25990.000000
1625.000000
1095.000000
2828.000000
4753.000000
7340.000000
10062.000000
953.000000
5317.000000
4189.000000
7198.000000
16338.000000
12943.000000
20802.000000
19222.000000
14156.000000
2645.000000
1378.000000
890.000000
4782.000000
7172.000000
2470.000000
1329.000000
4132.000000
5951.000000
3695.000000
3064.000000
5865.000000
6118.000000
4609.000000
1182.000000
8625.000000
11511.000000
15505.000000
16763.000000
5474.000000
2873.000000
5299.000000
3334.000000
2057.000000
4625.000000
13323.000000
4986.000000
2612.000000
2961.000000
5031.000000
16363.000000
10696.000000
15375.000000
9124.000000
87664.000000
16105.000000
24705.000000
23827.000000
22483.000000
25058.000000
2078.000000
4736.000000
9514.000000
16779.000000
26577.000000
34892.000000
42421.000000
45155.000000
49899.000000
52552.000000
54758.000000
62828.000000
67890.000000
46578.000000
45973.000000
44381.000000
49618.000000
57758.000000
56965.000000
61970.000000
55118.000000
60213.000000
64472.000000
70852.000000
63909.000000
61588.000000
53675.000000
4819.000000
8280.000000
1807.000000
2547.000000
9064.000000
15947.000000
21457.000000
22009.000000
18013.000000
4999.000000
4332.000000
6625.000000
1660.000000
1799.000000
5176.000000
4206.000000
6023.000000
779.000000
10024.000000
9684.000000
11521.000000
24292.000000
28711.000000
20984.000000
21776.000000
29642.000000
29407.000000
1874.000000
3075.000000
4208.000000
1010.000000
4203.000000
785.000000
3224.000000
6655.000000
14015.000000
9070.000000
4147.000000
1866.000000
3218.000000
7513.000000
7708.000000
4535.000000
2419.000000
3573.000000
3804.000000
5451.000000
8520.000000
3468.000000
1055.000000
1141.000000
3430.000000
3533.000000
5862.000000
7059.000000
8624.000000
4828.000000
1958.000000
4486.000000
3674.000000
5168.000000
6354.000000
12069.000000
20958.000000
24635.000000
5873.000000
681.000000
16379.000000
16407.000000
18270.000000
21664.000000
5376.000000
3613.000000
3890.000000
6826.000000
6079.000000
11462.000000
15230.000000
22768.000000
25111.000000
31765.000000
31775.000000
26465.000000
30123.000000
6088.000000
3733.000000
9747.000000
14438.000000
8352.000000
2312.000000
1823.000000
2096.000000
5987.000000
3707.000000
5904.000000
3984.000000
4372.000000
7154.000000
13654.000000
18371.000000
9625.000000
1558.000000
7631.000000
2880.000000
1423.000000
1854.000000
2978.000000
4457.000000
4061.000000
8143.000000
6966.000000
1604.000000
1069.000000
8171.000000
13787.000000
5322.000000
4341.000000
493.000000
2635.000000
3257.000000
809.000000
20150.000000
14171.000000
2542.000000
4655.000000
4989.000000
3047.000000
3787.000000
2429.000000
2735.000000
4411.000000
1316.000000
1256.000000
18406.000000
22217.000000
21608.000000
11906.000000
5772.000000
2388.000000
9147.000000
13493.000000
21741.000000
24730.000000
13947.000000
2976.000000
2704.000000
5451.000000
2395.000000
7092.000000
11326.000000
13573.000000
800.000000
2765.000000
6161.000000
4208.000000
1539.000000
2680.000000
4513.000000
14287.000000
12545.000000
18196.000000
1427.000000
5735.000000
18942.000000
12794.000000
15760.000000
18055.000000
20985.000000
17518.000000
14392.000000
18502.000000
23023.000000
21674.000000
19124.000000
4300.000000
3411.000000
7757.000000
8110.000000
11201.000000
11354.000000
3740.000000
3549.000000
4444.000000
2062.000000
4435.000000
3458.000000
940.000000
4240.000000
2104.000000
5469.000000
1138.000000
615.000000
697.000000
26966.000000
10372.000000
5268.000000
5140.000000
7811.000000
13402.000000
59899.000000
57684.000000
15092.000000
6187.000000
1681.000000
5980.000000
8416.000000
1287.000000
6235.000000
7934.000000
2379.000000
8476.000000
19215.000000
17625.000000
3067.000000
10306.000000
13943.000000
19640.000000
15862.000000
20321.000000
23743.000000
2361.000000
8538.000000
21774.000000
24819.000000
48323.000000
49395.000000
53348.000000
57949.000000
30909.000000
27432.000000
13197.000000
9197.000000
1264.000000
5325.000000
6542.000000
3496.000000
5162.000000
4821.000000
21674.000000
20545.000000
12027.000000
5331.000000
859.000000
2683.000000
3538.000000
3185.000000
1190.000000
4557.000000
13905.000000
12563.000000
3374.000000
10213.000000
10586.000000
4577.000000
1220.000000
3150.000000
5960.000000
8078.000000
1561.000000
9051.000000
12572.000000
8342.000000
4024.000000
7487.000000
10299.000000
14661.000000
1670.000000
853.000000
3847.000000
2292.000000
3905.000000
7677.000000
6365.000000
10467.000000
2387.000000
6131.000000
10311.000000
14351.000000
5145.000000
1648.000000
5238.000000
1217.000000
8464.000000
10069.000000
5667.000000
7966.000000
12094.000000
15807.000000
22171.000000
20871.000000
19020.000000
22362.000000
25599.000000
20274.000000
10891.000000
10429.000000
4138.000000
2635.000000
4704.000000
4176.000000
1030.000000
7284.000000
14405.000000
12943.000000
16607.000000
3709.000000
3275.000000
7236.000000
9370.000000
5326.000000
838.000000
1229.000000
1268.000000
3253.000000
3431.000000
5038.000000
5182.000000
7306.000000
5300.000000
13004.000000
3930.000000
1004.000000
2160.000000
2451.000000
8961.000000
13182.000000
1193.000000
954.000000
5411.000000
7037.000000
13777.000000
14905.000000
9682.000000
14564.000000
4553.000000
6710.000000
13302.000000
10816.000000
11222.000000
4314.000000
8704.000000
18751.000000
17392.000000
26747.000000
24306.000000
27309.000000
27009.000000
28298.000000
6016.000000
1873.000000
4234.000000
8666.000000
686.000000
7666.000000
11779.000000
1414.000000
6641.000000
11312.000000
5138.000000
7457.000000
950.000000
1705.000000
2381.000000
1257.000000
2906.000000
2938.000000
2520.000000
8803.000000
3977.000000
5618.000000
6199.000000
17081.000000
9998.000000
2684.000000
764.000000
1106.000000
9332.000000
11024.000000
13519.000000
14376.000000
27108.000000
23785.000000
25079.000000
17210.000000
2930.000000
667.000000
5776.000000
14155.000000
14803.000000
2088.000000
1362.000000
2488.000000
3634.000000
4101.000000
9020.000000
3750.000000
735.000000
748.000000
1807.000000
918.000000
832.000000
2470.000000
811.000000
3266.000000
2273.000000
734.000000
7413.000000
14253.000000
25918.000000
22829.000000
25375.000000
3520.000000
1876.000000
4854.000000
7118.000000
15075.000000
5941.000000
3003.000000
2729.000000
3464.000000
8226.000000
3703.000000
1970.000000
3131.000000
13704.000000
23396.000000
26949.000000
30238.000000
26828.000000
28879.000000
508.000000
4484.000000
657.000000
8221.000000
16353.000000
20434.000000
23301.000000
29892.000000
9757.000000
3813.000000
2474.000000
6305.000000
81309.000000
9313.000000
5045.000000
10478.000000
480.000000
2759.000000
1439.000000
9744.000000
7873.000000
11123.000000
4524.000000
1924.000000
1023.000000
9557.000000
3952.000000
667.000000
7885.000000
7878.000000
12777.000000
15202.000000
19971.000000
22865.000000
31487.000000
25678.000000
28124.000000
35063.000000
39105.000000
45039.000000
50275.000000
46441.000000
19681.000000
16493.000000
9378.000000
12354.000000
8432.000000
7379.000000
5656.000000
1430.000000
3073.000000
6614.000000
2776.000000
3175.000000
14933.000000
20622.000000
23154.000000
26821.000000
26648.000000
2424.000000
4081.000000
3184.000000
2042.000000
4089.000000
4649.000000
13720.000000
11553.000000
7119.000000
8414.000000
7568.000000
2230.000000
7733.000000
12530.000000
9652.000000
19541.000000
2687.000000
4353.000000
1133.000000
8461.000000
8954.000000
8062.000000
5485.000000
1649.000000
4244.000000
1659.000000
1624.000000
3151.000000
4376.000000
2798.000000
5461.000000
16665.000000
12294.000000
13018.000000
2358.000000
4870.000000
6989.000000
4279.000000
3876.000000
16582.000000
6875.000000
9667.000000
15388.000000
70259.000000
2877.000000
1454.000000
2387.000000
3441.000000
4250.000000
3493.000000
4686.000000
7732.000000
1142.000000
2655.000000
2405.000000
21775.000000
10906.000000
2841.000000
706.000000
4666.000000
10520.000000
6396.000000
5209.000000
1006.000000
4125.000000
8695.000000
11452.000000
20412.000000
10786.000000
2507.000000
5771.000000
13435.000000
10124.000000
11568.000000
6471.000000
6786.000000
11463.000000
4964.000000
1800.000000
3691.000000
7717.000000
9191.000000
14907.000000
9907.000000
13804.000000
11299.000000
10198.000000
8179.000000
3974.000000
8944.000000
17666.000000
21598.000000
16351.000000
2178.000000
5313.000000
18122.000000
12086.000000
23720.000000
15201.000000
20459.000000
21786.000000
34572.000000
24424.000000
14204.000000
16763.000000
875.000000
3806.000000
5762.000000
14943.000000
13914.000000
19845.000000
22875.000000
26941.000000
34838.000000
38459.000000
48521.000000
52936.000000
44203.000000
35904.000000
26586.000000
29825.000000
9544.000000
13154.000000
18429.000000
22615.000000
28060.000000
41539.000000
44658.000000
48239.000000
2767.000000
3867.000000
12818.000000
17000.000000
24103.000000
29031.000000
28892.000000
30365.000000
26110.000000
29294.000000
31447.000000
1277.000000
7713.000000
15680.000000
20897.000000
18069.000000
31293.000000
39392.000000
50857.000000
57568.000000
63101.000000
55269.000000
60502.000000
62281.000000
63719.000000
65159.000000
66864.000000
70052.000000
66351.000000
51282.000000
52452.000000
43093.000000
45662.000000
42223.000000
34321.000000
18108.000000
19624.000000
19190.000000
23721.000000
32257.000000
40471.000000
37957.000000
46048.000000
50937.000000
55479.000000
63250.000000
70583.000000
74815.000000
82502.000000
76326.000000
73356.000000
74972.000000
80408.000000
86941.000000
94337.000000
100361.000000
105702.000000
118820.000000
128029.000000
134742.000000
135596.000000
121212.000000
122852.000000
119949.000000
118173.000000
127284.000000
134400.000000
125568.000000
85904.000000
83750.000000
56805.000000
50870.000000
38054.000000
4027.000000
8786.000000
937.000000
2750.000000
6308.000000
10028.000000
19589.000000
32444.000000
45991.000000
41081.000000
41554.000000
46570.000000
55390.000000
57606.000000
53808.000000
58934.000000
65361.000000
69621.000000
68949.000000
79053.000000
84761.000000
83387.000000
47657.000000
47451.000000
44984.000000
51657.000000
56772.000000
62502.000000
74477.000000
82267.000000
89772.000000
36410.000000
45158.000000
40506.000000
42312.000000
44227.000000
48406.000000
51401.000000
59992.000000
50528.000000
54283.000000
36779.000000
28646.000000
1583.000000
3731.000000
11174.000000
20678.000000
32976.000000
34174.000000
8991.000000
1002.000000
2911.000000
8751.000000
4108.000000
3198.000000
2709.000000
4169.000000
2510.000000
5280.000000
1965.000000
3781.000000
3667.000000
12751.000000
15976.000000
22102.000000
48659.000000
51388.000000
45092.000000
21582.000000
21627.000000
7799.000000
6434.000000
6243.000000
7225.000000
6162.000000
12541.000000
700.000000
2994.000000
2479.000000
5230.000000
1303.000000
4843.000000
19471.000000
14110.000000
21861.000000
24048.000000
27642.000000
5816.000000
927.000000
762.000000
1805.000000
1112.000000
2142.000000
1092.000000
1995.000000
1362.000000
1162.000000
875.000000
6451.000000
2643.000000
5606.000000
7736.000000
3537.000000
3852.000000
4819.000000
6328.000000
12080.000000
9371.000000
2581.000000
4478.000000
694.000000
4459.000000
2799.000000
13564.000000
11316.000000
21571.000000
25281.000000
6435.000000
15622.000000
14694.000000
16224.000000
4218.000000
7317.000000
14186.000000
10255.000000
779.000000
1454.000000
9119.000000
20699.000000
29780.000000
26118.000000
27620.000000
31485.000000
27307.000000
32470.000000
36682.000000
39586.000000
1967.000000
1643.000000
6062.000000
6952.000000
4145.000000
4821.000000
13576.000000
20023.000000
16835.000000
5405.000000
20276.000000
14888.000000
17159.000000
3671.000000
6355.000000
14923.000000
13700.000000
23507.000000
27461.000000
32828.000000
28236.000000
33480.000000
35353.000000
37376.000000
39406.000000
30118.000000
3807.000000
4048.000000
7471.000000
6959.000000
13162.000000
17461.000000
2490.000000
2213.000000
786.000000
3785.000000
5245.000000
5117.000000
7576.000000
7066.000000
8987.000000
8063.000000
9361.000000
17266.000000
3578.000000
15686.000000
19237.000000
26202.000000
27802.000000
35979.000000
23407.000000
28735.000000
25699.000000
7458.000000
841.000000
2183.000000
2240.000000
11536.000000
22376.000000
27176.000000
24949.000000
5250.000000
6667.000000
2693.000000
8581.000000
3542.000000
9193.000000
17430.000000
10990.000000
12554.000000
7625.000000
11036.000000
13351.000000
647.000000
1975.000000
8416.000000
16458.000000
19371.000000
16000.000000
19437.000000
3021.000000
705.000000
4201.000000
4052.000000
4733.000000
4499.000000
6260.000000
8171.000000
12154.000000
15950.000000
16104.000000
18635.000000
10506.000000
760.000000
3910.000000
2575.000000
931.000000
5302.000000
11392.000000
2244.000000
1309.000000
1081.000000
8197.000000
12315.000000
7466.000000
17096.000000
26042.000000
23490.000000
20364.000000
10431.000000
11819.000000
2817.000000
19825.000000
24469.000000
24391.000000
3071.000000
6904.000000
9538.000000
6569.000000
4105.000000
9459.000000
2833.000000
4714.000000
4992.000000
4121.000000
3092.000000
4938.000000
18497.000000
13260.000000
18136.000000
23491.000000
34537.000000
40966.000000
48796.000000
56708.000000
57320.000000
58947.000000
63559.000000
69920.000000
73772.000000
79647.000000
85510.000000
88888.000000
91216.000000
90565.000000
95055.000000
99716.000000
101405.000000
93608.000000
89782.000000
96908.000000
100055.000000
103911.000000
108834.000000
101600.000000
98514.000000
107302.000000
110250.000000
109392.000000
115935.000000
122556.000000
130113.000000
134360.000000
140637.000000
144948.000000
149614.000000
159087.000000
163383.000000
157277.000000
150929.000000
134880.000000
116529.000000
114298.000000
62316.000000
64002.000000
50942.000000
38902.000000
25594.000000
26577.000000
31409.000000
38489.000000
44207.000000
44960.000000
49146.000000
54821.000000
47877.000000
53453.000000
58368.000000
63348.000000
71075.000000
75234.000000
82904.000000
88246.000000
95280.000000
89177.000000
81548.000000
34824.000000
29393.000000
6123.000000
3648.000000
2444.000000
2234.000000
5397.000000
9155.000000
13067.000000
3562.000000
3937.000000
5775.000000
4406.000000
1837.000000
8410.000000
16238.000000
15818.000000
19487.000000
13298.000000
1259.000000
3907.000000
744.000000
3160.000000
3949.000000
6135.000000
7437.000000
8995.000000
11092.000000
4751.000000
655.000000
5280.000000
7288.000000
9422.000000
8049.000000
345.000000
3568.000000
4364.000000
1888.000000
2806.000000
5309.000000
18222.000000
14601.000000
15904.000000
2283.000000
3700.000000
8466.000000
14996.000000
12859.000000
14505.000000
10110.000000
625.000000
14194.000000
14836.000000
11860.000000
23132.000000
12780.000000
13892.000000
17174.000000
21125.000000
1714.000000
3439.000000
4729.000000
6134.000000
15649.000000
17893.000000
5166.000000
2717.000000
2029.000000
3263.000000
2668.000000
5074.000000
2365.000000
1493.000000
3834.000000
5307.000000
8218.000000
13228.000000
10890.000000
15583.000000
7556.000000
9662.000000
4647.000000
5188.000000
8014.000000
2755.000000
6240.000000
20473.000000
9475.000000
15604.000000
8407.000000
1872.000000
7101.000000
10293.000000
608.000000
6023.000000
17936.000000
6044.000000
3510.000000
7441.000000
11996.000000
2899.000000
8290.000000
12482.000000
2235.000000
5440.000000
16247.000000
13227.000000
16378.000000
13529.000000
567.000000
544.000000
5413.000000
14882.000000
5168.000000
1108.000000
2008.000000
3840.000000
2821.000000
17455.000000
21401.000000
28012.000000
24875.000000
32868.000000
36196.000000
33096.000000
36938.000000
26618.000000
1601.000000
2238.000000
9082.000000
14352.000000
2213.000000
5956.000000
4105.000000
14284.000000
13651.000000
17230.000000
18966.000000
2510.000000
1793.000000
5515.000000
10858.000000
5861.000000
7688.000000
4649.000000
9656.000000
3215.000000
802.000000
5207.000000
5409.000000
2250.000000
2729.000000
2455.000000
15129.000000
10085.000000
239608.000000
7950.000000
7042.000000
49842.000000
9952.000000
1534.000000
4823.000000
3635.000000
13628.000000
8973.000000
1287.000000
3115.000000
15430.000000
11763.000000
18645.000000
8321.000000
3821.000000
3244.000000
8340.000000
9402.000000
15901.000000
14437.000000
16001.000000
2821.000000
5451.000000
2405.000000
6358.000000
16792.000000
10498.000000
1391.000000
1189.000000
5394.000000
2508.000000
9993.000000
13427.000000
14763.000000
784.000000
6991.000000
1187.000000
4468.000000
369.000000
4586.000000
9860.000000
12791.000000
18115.000000
19337.000000
13506.000000
4303.000000
2127.000000
2728.000000
1613.000000
13952.000000
20548.000000
23341.000000
4957.000000
3258.000000
8286.000000
14685.000000
16817.000000
18042.000000
5251.000000
700.000000
4664.000000
5810.000000
2464.000000
3413.000000
1614.000000
5961.000000
17081.000000
9234.000000
3664.000000
5234.000000
3765.000000
3579.000000
3269.000000
7839.000000
2169.000000
5579.000000
8572.000000
13505.000000
12155.000000
3974.000000
17044.000000
4477.000000
1589.000000
5593.000000
14848.000000
18782.000000
17602.000000
10206.000000
2458.000000
1320.000000
3263.000000
2343.000000
8481.000000
8654.000000
11207.000000
13072.000000
4591.000000
5957.000000
2918.000000
818.000000
11681.000000
14603.000000
22048.000000
26333.000000
31303.000000
5078.000000
2434.000000
1333.000000
8430.000000
14718.000000
1675.000000
14807.000000
11563.000000
8405.000000
3705.000000
5721.000000
11473.000000
11333.000000
19012.000000
6010.000000
8354.000000
8945.000000
6360.000000
13232.000000
17948.000000
19451.000000
16486.000000
4664.000000
2851.000000
1059.000000
4417.000000
1016.000000
3015.000000
7872.000000
9724.000000
13343.000000
4869.000000
5417.000000
9887.000000
8189.000000
5395.000000
6404.000000
8453.000000
2796.000000
4112.000000
4065.000000
701.000000
6434.000000
15381.000000
10224.000000
6848.000000
14207.000000
8368.000000
3361.000000
3712.000000
3997.000000
705.000000
819.000000
8823.000000
14323.000000
17701.000000
20331.000000
17782.000000
3843.000000
1855.000000
4092.000000
4461.000000
8870.000000
14058.000000
967.000000
12993.000000
18763.000000
5047.000000
5620.000000
7380.000000
10849.000000
15008.000000
1595.000000
9476.000000
5488.000000
5049.000000
1270.000000
4305.000000
4334.000000
4243.000000
3859.000000
5124.000000
14694.000000
12553.000000
6513.000000
12490.000000
11520.000000
8173.000000
2244.000000
2805.000000
6748.000000
2071.000000
4432.000000
1327.000000
5372.000000
9351.000000
3194.000000
3563.000000
888.000000
3615.000000
2503.000000
2489.000000
6920.000000
3621.000000
5107.000000
3569.000000
5399.000000
13774.000000
10617.000000
29955.000000
33342.000000
640.000000
3003.000000
870.000000
3622.000000
1577.000000
5146.000000
13207.000000
9991.000000
3021.000000
365.000000
1302.000000
4240.000000
6838.000000
10132.000000
13441.000000
12106.000000
3299.000000
615.000000
873.000000
6847.000000
4995.000000
942.000000
3564.000000
3525.000000
1908.000000
1637.000000
3385.000000
4511.000000
6490.000000
6041.000000
2554.000000
2494.000000
2093.000000
2559.000000
11420.000000
8830.000000
12045.000000
15420.000000
4738.000000
1987.000000
12693.000000
11392.000000
13220.000000
15635.000000
2445.000000
3094.000000
4852.000000
5213.000000
9974.000000
10510.000000
14781.000000
16583.000000
758.000000
3215.000000
3475.000000
13786.000000
10718.000000
11351.000000
12813.000000
2534.000000
504.000000
906.000000
1480.000000
5322.000000
5946.000000
5121.000000
2375.000000
470.000000
2151.000000
3446.000000
9030.000000
12449.000000
11119.000000
2277.000000
2764.000000
8798.000000
7495.000000
2794.000000
403.000000
4337.000000
7598.000000
1708.000000
3595.000000
10097.000000
7614.000000
10590.000000
4556.000000
770.000000
5152.000000
7251.000000
2982.000000
2920.000000
6054.000000
9578.000000
11242.000000
9439.000000
1973.000000
3409.000000
4844.000000
5906.000000
2243.000000
5189.000000
1225.000000
3210.000000
11330.000000
1214.000000
6370.000000
9896.000000
11991.000000
985.000000
1654.000000
630.000000
3837.000000
4067.000000
2551.000000
742.000000
553.000000
1653.000000
2808.000000
699.000000
3024.000000
39458.000000
9185.000000
6569.000000
3542.000000
4403.000000
9863.000000
12030.000000
15433.000000
19209.000000
10949.000000
5332.000000
27640.000000
20303.000000
10621.000000
2999.000000
5103.000000
2973.000000
433.000000
2812.000000
2060.000000
270802.000000
6161.000000
7826.000000
2652.000000
2453.000000
7928.000000
13898.000000
9176.000000
10226.000000
12653.000000
14590.000000
597.000000
2235.000000
2197.000000
2035738.000000
2041053.000000
5718.000000
16286.000000
19563.000000
22230.000000
23147.000000
29402.000000
10507.000000
8711.000000
8199.000000
1410.000000
1552.000000
7863.000000
12182.000000
12918.000000
8037.000000
1984.000000
4385.000000
13818.000000
11397.000000
22905.000000
25704.000000
28148.000000
30156.000000
7613.000000
6616.000000
11233.000000
14499.000000
19321.000000
22547.000000
25141.000000
28564.000000
37645.000000
48071.000000
6294.000000
3450.000000
847.000000
6087.000000
1527.000000
524.000000
3721.000000
5064.000000
1341.000000
1598.000000
1680.000000
11508.000000
9313.000000
4825.000000
1125.000000
1786.000000
2992.000000
5482.000000
2893.000000
944.000000
3775.000000
5010.000000
5755.000000
6659.000000
3069.000000
5622.000000
9278.000000
5236.000000
2746.000000
4980.000000
6701.000000
5108.000000
14853.000000
17685.000000
21850.000000
22916.000000
28805.000000
32727.000000
38299.000000
42495.000000
45187.000000
49404.000000
48326.000000
51504.000000
53770.000000
61503.000000
64711.000000
68632.000000
73019.000000
76629.000000
80590.000000
82462.000000
87625.000000
89869.000000
97307.000000
102341.000000
101437.000000
102700.000000
101780.000000
104989.000000
83996.000000
81455.000000
83557.000000
89570.000000
58593.000000
60106.000000
57066.000000
61353.000000
64907.000000
67800.000000
72661.000000
72400.000000
63294.000000
60526.000000
61448.000000
64628.000000
61880.000000
64390.000000
66739.000000
47496.000000
39262.000000
40300.000000
38531.000000
38570.000000
43531.000000
47938.000000
50977.000000
55123.000000
59059.000000
64645.000000
66796.000000
69414.000000
72132.000000
76042.000000
81783.000000
81349.000000
83972.000000
89681.000000
93876.000000
78871.000000
78723.000000
84341.000000
87946.000000
90916.000000
89253.000000
73055.000000
64660.000000
61105.000000
57167.000000
61048.000000
64681.000000
67615.000000
71451.000000
60962.000000
57334.000000
59248.000000
45188.000000
46364.000000
48397.000000
50075.000000
56005.000000
59135.000000
62552.000000
65294.000000
68770.000000
65826.000000
67240.000000
70433.000000
72998.000000
74507.000000
77755.000000
80513.000000
79706.000000
52701.000000
50109.000000
51699.000000
53541.000000
55840.000000
59508.000000
16707.000000
12967.000000
16081.000000
11208.000000
2539.000000
7020.000000
5716.000000
6959.000000
10379.000000
13711.000000
15736.000000
9504.000000
9419.000000
1796.000000
2014.000000
3987.000000
6236.000000
5420.000000
2893.000000
877.000000
2872.000000
8602.000000
6459.000000
9288.000000
9708.000000
6821.000000
2058.000000
2956.000000
7685.000000
4412.000000
8816.000000
7858.000000
9532.000000
7822.000000
1866.000000
1588.000000
1364.000000
2487.000000
6227.000000
13066.000000
16422.000000
13472.000000
28346.000000
32290.000000
31396.000000
1164.000000
2872.000000
551.000000
4703.000000
9500.000000
11310.000000
9565.000000
11084.000000
11933.000000
2332.000000
880.000000
2159.000000
753.000000
710.000000
3887.000000
803.000000
2625.000000
3730.000000
2443.000000
2840.000000
1466.000000
7249.000000
4741.000000
1498.000000
2012.000000
2205.000000
4337.000000
2445.000000
559.000000
4462.000000
8926.000000
10594.000000
7524.000000
10105.000000
2518.000000
2112.000000
1226.000000
3875.000000
630.000000
1264.000000
1060.000000
6319.000000
7171.000000
2175.000000
2365.000000
5094.000000
5613.000000
4130.000000
4162.000000
1095.000000
5945.000000
2353.000000
1374.000000
4116.000000
5847.000000
1028.000000
621.000000
3486.000000
3311.000000
3575.000000
1509.000000
424.000000
2345.000000
4175.000000
928.000000
3406.000000
5348.000000
7353.000000
5981.000000
8209.000000
3369.000000
2988.000000
7353.000000
4455.000000
6065.000000
3749.000000
5642.000000
10157.000000
11593.000000
15587.000000
19700.000000
22136.000000
25434.000000
29129.000000
32347.000000
21217.000000
19409.000000
4887.000000
5923.000000
2848.000000
5089.000000
10188.000000
8480.000000
10356.000000
12428.000000
15075.000000
17631.000000
21872.000000
23272.000000
4649.000000
6766.000000
12255.000000
11148.000000
10784.000000
20227.000000
14855.000000
15600.000000
19112.000000
24234.000000
25364.000000
28147.000000
28916.000000
30808.000000
31641.000000
36267.000000
41539.000000
46519.000000
49139.000000
55520.000000
61340.000000
66228.000000
70012.000000
76998.000000
74182.000000
76927.000000
79882.000000
84966.000000
88658.000000
91784.000000
95333.000000
97510.000000
97919.000000
98256.000000
94522.000000
97079.000000
91946.000000
89214.000000
87530.000000
90331.000000
93354.000000
92999.000000
95646.000000
98925.000000
102159.000000
105043.000000
100767.000000
101883.000000
98854.000000
101861.000000
102158.000000
103435.000000
102638.000000
102608.000000
103877.000000
92511.000000
95428.000000
79159.000000
73956.000000
57495.000000
51909.000000
50207.000000
40447.000000
35272.000000
33437.000000
35425.000000
38972.000000
29615.000000
27623.000000
7636.000000
10140.000000
8591.000000
10213.000000
14503.000000
17789.000000
17499.000000
12710.000000
17687.000000
21527.000000
23756.000000
26352.000000
23833.000000
24676.000000
28721.000000
29421.000000
24289.000000
22963.000000
20587.000000
27249.000000
33533.000000
36023.000000
41491.000000
44089.000000
46735.000000
48709.000000
46751.000000
51316.000000
54362.000000
44025.000000
43863.000000
41202.000000
43178.000000
37249.000000
28424.000000
28055.000000
31400.000000
32763.000000
30657.000000
32464.000000
37008.000000
39692.000000
43912.000000
46197.000000
50674.000000
46679.000000
40792.000000
37518.000000
37787.000000
41980.000000
44153.000000
47368.000000
51003.000000
53079.000000
49759.000000
45436.000000
40918.000000
45167.000000
45345.000000
47290.000000
51948.000000
55401.000000
58665.000000
61758.000000
63417.000000
64609.000000
66250.000000
67666.000000
68371.000000
65340.000000
66326.000000
63761.000000
66013.000000
68933.000000
44811.000000
43177.000000
50058.000000
51669.000000
18184.000000
22034.000000
20703.000000
23598.000000
26854.000000
30064.000000
31724.000000
34050.000000
36125.000000
36519.000000
38255.000000
39572.000000
41501.000000
43437.000000
45153.000000
47563.000000
47841.000000
47584.000000
51438.000000
57658.000000
42584.000000
23887.000000
22405.000000
25981.000000
30032.000000
34463.000000
38672.000000
37885.000000
41141.000000
44497.000000
47965.000000
51221.000000
54643.000000
57162.000000
57351.000000
57617.000000
51373.000000
53919.000000
53330.000000
55687.000000
58244.000000
62335.000000
64892.000000
66852.000000
68601.000000
72542.000000
74603.000000
76998.000000
80160.000000
85252.000000
90442.000000
96967.000000
102255.000000
100382.000000
101739.000000
97382.000000
69930.000000
72340.000000
75168.000000
78531.000000
80182.000000
76430.000000
79311.000000
80326.000000
80897.000000
73519.000000
68787.000000
69861.000000
72507.000000
74150.000000
75029.000000
79179.000000
77609.000000
81129.000000
77619.000000
82546.000000
80430.000000
84286.000000
87793.000000
91548.000000
93683.000000
83314.000000
52689.000000
49035.000000
47907.000000
48708.000000
50450.000000
53932.000000
55441.000000
56770.000000
59226.000000
60865.000000
59501.000000
63811.000000
65955.000000
71132.000000
73944.000000
76696.000000
77823.000000
78190.000000
79375.000000
77698.000000
65152.000000
66893.000000
39117.000000
38336.000000
41611.000000
44849.000000
47104.000000
51853.000000
53320.000000
55565.000000
58496.000000
60257.000000
62225.000000
64486.000000
48448.000000
42864.000000
37552.000000
35458.000000
10645.000000
10265.000000
13242.000000
3652.000000
696.000000
1027.000000
4773.000000
6386.000000
9727.000000
12015.000000
637.000000
221.000000
1189.000000
227.000000
4041.000000
6635.000000
4702.000000
4175.000000
6189.000000
561.000000
1443.000000
1524.000000
3690.000000
5824.000000
7311.000000
7750.000000
26025.000000
9557.000000
7161.000000
8842.000000
8250.000000
11379.000000
13942.000000
18738.000000
22026.000000
7601.000000
5751.000000
1221.000000
796.000000
2667.000000
2229.000000
7533.000000
8793.000000
10183.000000
8317.000000
10560.000000
14637.000000
16905.000000
17122.000000
16245.000000
19163.000000
16955.000000
19567.000000
10977.000000
10104.000000
13766.000000
15644.000000
18896.000000
21707.000000
24755.000000
25826.000000
27567.000000
28844.000000
26892.000000
28127.000000
29630.000000
33185.000000
3910.000000
7718.000000
2015.000000
559.000000
1537.000000
7378.000000
6265.000000
13610.000000
18811.000000
20896.000000
24449.000000
30720.000000
28332.000000
33065.000000
33749.000000
32821.000000
35066.000000
37638.000000
41019.000000
31818.000000
37332.000000
35413.000000
39101.000000
39008.000000
42676.000000
25719.000000
25411.000000
28707.000000
31174.000000
33704.000000
37478.000000
41154.000000
43199.000000
36190.000000
36113.000000
14537.000000
2189.000000
1230.000000
1155.000000
792.000000
3801.000000
7183.000000
5406.000000
5955.000000
4797.000000
3791.000000
1416.000000
601.000000
2902.000000
4286.000000
1904.000000
3171.000000
3280.000000
6159.000000
3283.000000
783.000000
290.000000
2820.000000
6083.000000
4494.000000
7403.000000
3937.000000
1635.000000
1710.000000
1183.000000
1683.000000
1443.000000
596.000000
2938.000000
4825.000000
1704.000000
524.000000
5202.000000
6980.000000
9521.000000
2653.000000
7661.000000
4622.000000
7863.000000
6438.000000
2360.000000
7930.000000
8541.000000
12082.000000
5383.000000
1479.000000
1622.000000
290.000000
452.000000
1942.000000
1957.000000
1268.000000
2574.000000
5055.000000
6552.000000
8667.000000
9508.000000
4382.000000
2065.000000
481.000000
1124.000000
891.000000
585.000000
2240.000000
3813.000000
5036.000000
1665.000000
329.000000
1110.000000
1231.000000
5705.000000
8666.000000
10115.000000
5143.000000
7387.000000
6507.000000
10112.000000
12910.000000
11116.000000
14117.000000
17113.000000
19831.000000
21915.000000
18075.000000
24540.000000
28026.000000
11530.000000
12998.000000
11317.000000
5861.000000
2346.000000
1186.000000
5075.000000
6887.000000
11512.000000
13231.000000
14304.000000
16516.000000
1481.000000
1480.000000
1760.000000
3063.000000
8191.000000
7915.000000
3419.000000
2694.000000
4467.000000
5668.000000
7399.000000
9317.000000
6384.000000
7985.000000
4700.000000
1794.000000
5103.000000
8538.000000
10470.000000
15454.000000
11724.000000
11193.000000
13644.000000
20614.000000
24842.000000
28411.000000
30021.000000
32594.000000
36583.000000
39030.000000
41569.000000
36198.000000
29845.000000
29415.000000
26862.000000
16565.000000
5881.000000
4406.000000
1189.000000
5333.000000
7120.000000
6538.000000
11833.000000
11678.000000
6968.000000
12046.000000
9687.000000
12237.000000
15452.000000
17870.000000
18639.000000
17681.000000
12760.000000
746.000000
1394.000000
3339.000000
4656.000000
5289.000000
7331.000000
2498.000000
3144.000000
6400.000000
3073.000000
2941.000000
7912.000000
8966.000000
12213.000000
8797.000000
12551.000000
660.000000
6072.000000
3241.000000
811.000000
463.000000
1349.000000
5051.000000
5870.000000
730.000000
2771.000000
4995.000000
5165.000000
5053.000000
417.000000
480.000000
2464.000000
3797.000000
2299.000000
2097.000000
3306.000000
5090.000000
5860.000000
10721.000000
12594.000000
15134.000000
16942.000000
19217.000000
22895.000000
25771.000000
30308.000000
26291.000000
15461.000000
8735.000000
5610.000000
2085.000000
5608.000000
6107.000000
8078.000000
1551.000000
4229.000000
6778.000000
4601.000000
8700.000000
11068.000000
665.000000
1916.000000
6523.000000
5698.000000
2098.000000
335.000000
468.000000
2066.000000
4428.000000
4153.000000
2613.000000
1172.000000
1995.000000
1978.000000
4216.000000
4377.000000
9729.000000
5345.000000
6285.000000
10405.000000
10210.000000
7608.000000
4274.000000
3453.000000
8495.000000
13145.000000
14137.000000
14671.000000
4825.000000
7026.000000
5083.000000
608.000000
3071.000000
1128.000000
2177.000000
7542.000000
7512.000000
7258.000000
565.000000
1989.000000
1709.000000
753.000000
283.000000
1864.000000
1667.000000
8593.000000
11693.000000
12325.000000
10004.000000
3667.000000
735.000000
543.000000
2188.000000
3671.000000
5716.000000
5156.000000
7705.000000
3936.000000
497.000000
399.000000
1879.000000
1859.000000
2324.000000
2786.000000
3259.000000
2202.000000
675.000000
2795.000000
8483.000000
8328.000000
11463.000000
14202.000000
15609.000000
1704.000000
3675.000000
870.000000
2635.000000
6389.000000
3712.000000
4049.000000
5217.000000
3811.000000
2397.000000
1721.000000
476.000000
1209.000000
3445.000000
932.000000
3855.000000
14751.000000
19671.000000
3129.000000
4588.000000
2302.000000
468.000000
1251.000000
5649.000000
7973.000000
10159.000000
12645.000000
15001.000000
18061.000000
21671.000000
26050.000000
27224.000000
32667.000000
14139.000000
13455.000000
16215.000000
18867.000000
23709.000000
27100.000000
31298.000000
32683.000000
37016.000000
39099.000000
43420.000000
41902.000000
43797.000000
48605.000000
51849.000000
56277.000000
47527.000000
40848.000000
39902.000000
40965.000000
40168.000000
42204.000000
47044.000000
48778.000000
46589.000000
45259.000000
44691.000000
47178.000000
52133.000000
54711.000000
58068.000000
61407.000000
47602.000000
44000.000000
41681.000000
44247.000000
49597.000000
52770.000000
57043.000000
58192.000000
64262.000000
72600.000000
74841.000000
67652.000000
64779.000000
50678.000000
48987.000000
53305.000000
55725.000000
59841.000000
60018.000000
60827.000000
64860.000000
67262.000000
69086.000000
72863.000000
75133.000000
79210.000000
82874.000000
84950.000000
82735.000000
84727.000000
85937.000000
87243.000000
89939.000000
91119.000000
93158.000000
95699.000000
97581.000000
99731.000000
102278.000000
107744.000000
111364.000000
113752.000000
115506.000000
105090.000000
100929.000000
98669.000000
100522.000000
110793.000000
115390.000000
118137.000000
121767.000000
119056.000000
119457.000000
113020.000000
109004.000000
98386.000000
96950.000000
88312.000000
86575.000000
77208.000000
80886.000000
60797.000000
62679.000000
66043.000000
68446.000000
74041.000000
76397.000000
78402.000000
81486.000000
84055.000000
86817.000000
88125.000000
89476.000000
92703.000000
93990.000000
92664.000000
88886.000000
90356.000000
88597.000000
92247.000000
95594.000000
97625.000000
101491.000000
104223.000000
107168.000000
104110.000000
87601.000000
74817.000000
69165.000000
43577.000000
41441.000000
40317.000000
37236.000000
24683.000000
24163.000000
13694.000000
1816.000000
1245.000000
623.000000
5004.000000
6118.000000
8546.000000
9417.000000
2892.000000
1113.000000
1182.000000
15651.000000
562.000000
2491.000000
7809.000000
9702.000000
8635.000000
10561.000000
11689.000000
13512.000000
891.000000
1175.000000
2106.000000
809.000000
2458.000000
2800.000000
821.000000
2416.000000
764.000000
4477.000000
1894.000000
726.000000
1720.000000
987.000000
369.000000
790.000000
862.000000
2059.000000
774.000000
4674.000000
6349.000000
7523.000000
2546.000000
3966.000000
3510.000000
4270.000000
1979.000000
1846.000000
218.000000
1733.000000
3079.000000
602.000000
1470.000000
1014.000000
487.000000
1050.000000
2106.000000
4049.000000
5027.000000
1493.000000
861.000000
2592.000000
3399.000000
2404.000000
6518.000000
11661.000000
8992.000000
10047.000000
11830.000000
1382.000000
1071.000000
1587.000000
3829.000000
4714.000000
1577.000000
1973.000000
2392.000000
435.000000
6645.000000
8148.000000
1868.000000
1261.000000
1990.000000
4395.000000
4914.000000
6271.000000
6103.000000
2231.000000
4996.000000
3455.000000
11076.000000
5705.000000
5213.000000
4835.000000
443.000000
1726.000000
361.000000
1707.000000
283.000000
2140.000000
5081.000000
3982.000000
2334.000000
1530.000000
1437.000000
2488.000000
1635.000000
710.000000
1085.000000
271.000000
2872.000000
4185.000000
4541.000000
3627.000000
6821.000000
4375.000000
8212.000000
2789.000000
7707.000000
8529.000000
6864.000000
1348.000000
1879.000000
1668.000000
1555.000000
1122.000000
2101.000000
4661.000000
4996.000000
5865.000000
6085.000000
445.000000
1623.000000
3804.000000
5708.000000
4747.000000
5206.000000
1827.000000
8519.000000
6660.000000
7693.000000
636.000000
722.000000
3593.000000
3889.000000
895.000000
628.000000
1198.000000
432.000000
3252.000000
4885.000000
1806.000000
1487.000000
1080.000000
644.000000
1597.000000
1910.000000
2250.000000
1119.000000
435.000000
1625.000000
847.000000
3462.000000
4577.000000
6789.000000
526.000000
360.000000
149.000000
1390.000000
2382.000000
1608.000000
1803.000000
725.000000
2156.000000
1799.000000
1918.000000
3447.000000
5451.000000
4042.000000
5097.000000
5966.000000
5951.000000
4993.000000
1203.000000
2085.000000
4672.000000
4351.000000
5322.000000
4099.000000
6111.000000
4708.000000
5194.000000
4189.000000
The average waiting time  is :  22273.930500 
