2 , 32 66037.000000
85802.000000
89151.000000
91532.000000
99731.000000
109402.000000
102713.000000
39004.000000
28789.000000
26659.000000
20292.000000
23726.000000
11447.000000
15782.000000
20259.000000
23787.000000
13216.000000
20339.000000
26869.000000
21840.000000
22474.000000
1861.000000
2625.000000
932.000000
3668.000000
2385.000000
1819.000000
5792.000000
822.000000
4713.000000
11881.000000
4327.000000
8503.000000
10691.000000
10687.000000
2117.000000
12352.000000
16404.000000
21724.000000
16743.000000
1474.000000
2846.000000
2786.000000
2216.000000
4639.000000
2253.000000
2851.000000
1979.000000
10240.000000
12353.000000
6375.000000
13667.000000
12439.000000
14886.000000
14150.000000
10651.000000
2123.000000
4269.000000
5887.000000
5370.000000
1283.000000
2453.000000
6022.000000
8285.000000
1409.000000
742.000000
6842.000000
8575.000000
4524.000000
12491.000000
7367.000000
12138.000000
5167.000000
3835.000000
2856.000000
1666.000000
4150.000000
7917.000000
9736.000000
8428.000000
6128.000000
13728.000000
10775.000000
14552.000000
9392.000000
5717.000000
3221.000000
7726.000000
2733.000000
8783.000000
13474.000000
19024.000000
23243.000000
21794.000000
19138.000000
16279.000000
6552.000000
1964.000000
5921.000000
13817.000000
12686.000000
14316.000000
13466.000000
2122.000000
3663.000000
4856.000000
686.000000
5355.000000
1795.000000
1575.000000
1512.000000
12039.000000
12951.000000
11553.000000
3474.000000
2579.000000
939.000000
2953.000000
4307.000000
1415.000000
5116.000000
5324.000000
7560.000000
3398.000000
4475.000000
3886.000000
5298.000000
9954.000000
7903.000000
1499.000000
1989.000000
2477.000000
2229.000000
6985.000000
954.000000
4316.000000
1900.000000
1056.000000
9635.000000
12907.000000
5709.000000
3896.000000
2687.000000
9236.000000
13159.000000
16640.000000
15882.000000
16276.000000
20233.000000
16988.000000
19603.000000
17516.000000
17763.000000
2181.000000
1104.000000
2546.000000
1745.000000
4722.000000
6916.000000
2116.000000
685.000000
5172.000000
13996.000000
7351.000000
4652.000000
5533.000000
4045.000000
985.000000
3269.000000
2096.000000
2554.000000
8183.000000
10784.000000
1917.000000
1297.000000
6105.000000
8696.000000
4593.000000
3808.000000
2779.000000
3585.000000
3147.000000
1823.000000
2402.000000
1322.000000
4792.000000
859.000000
3133.000000
10765.000000
8346.000000
14286.000000
7856.000000
967.000000
2981.000000
2078.000000
1818.000000
3740.000000
4010.000000
34451.000000
24902.000000
1000.000000
3373.000000
3568.000000
1526.000000
2304.000000
848.000000
903.000000
5213.000000
7203.000000
3191.000000
1981.000000
5048.000000
5176.000000
16415.000000
17068.000000
20057.000000
14822.000000
3096.000000
2469.000000
6278.000000
8602.000000
9797.000000
3637.000000
5586.000000
2942.000000
2943.000000
2170.000000
7358.000000
2703.000000
12676.000000
17576.000000
18076.000000
15224.000000
17941.000000
14221.000000
16445.000000
15137.000000
14975.000000
6226.000000
2128.000000
5105.000000
25552.000000
31280.000000
29875.000000
33138.000000
16632.000000
9667.000000
9422.000000
4112.000000
7481.000000
2277.000000
3500.000000
7359.000000
7741.000000
2333.000000
4746.000000
8187.000000
4991.000000
7337.000000
776.000000
1583.000000
537.000000
5027.000000
8677.000000
6620.000000
4264.000000
3139.000000
3516.000000
1263.000000
3717.000000
4803.000000
3359.000000
2969.000000
22238.000000
14582.000000
19598.000000
10848.000000
15677.000000
6848.000000
1162.000000
2147.000000
5536.000000
13667.000000
6652.000000
1443.000000
2638.000000
6757.000000
5500.000000
1551.000000
3440.000000
9516.000000
7318.000000
6487.000000
1932.000000
6058.000000
14009.000000
19318.000000
22752.000000
9139.000000
1721.000000
3906.000000
5475.000000
10452.000000
2587.000000
10460.000000
11033.000000
1682.000000
3557.000000
4789.000000
8385.000000
2674.000000
1293.000000
3696.000000
5841.000000
15042.000000
6570.000000
5255.000000
1625.000000
5341.000000
7040.000000
1696.000000
1557.000000
3407.000000
2402.000000
7834.000000
14141.000000
10289.000000
1542.000000
6831.000000
9665.000000
2239.000000
4525.000000
9352.000000
2389.000000
11947.000000
5822.000000
9507.000000
15482.000000
17102.000000
18084.000000
2992.000000
2027.000000
9210.000000
13339.000000
12260.000000
858.000000
16118.000000
20506.000000
4775.000000
921.000000
3996.000000
12390.000000
17375.000000
22885.000000
21509.000000
24251.000000
25614.000000
29107.000000
25094.000000
21098.000000
2851.000000
1200.000000
7162.000000
9019.000000
1302.000000
4229.000000
6855.000000
2803.000000
2462.000000
3076.000000
1079.000000
4864.000000
3667.000000
1549.000000
4309.000000
7446.000000
5083.000000
5032.000000
4179.000000
2744.000000
5468.000000
962.000000
4078.000000
2613.000000
4625.000000
5770.000000
780.000000
1505.000000
6359.000000
1251.000000
4701.000000
6726.000000
3735.000000
2496.000000
3253.000000
655.000000
3755.000000
5088.000000
11203.000000
17896.000000
19908.000000
16070.000000
2733.000000
5669.000000
13237.000000
8990.000000
3363.000000
1038.000000
12446.000000
14433.000000
16908.000000
18101.000000
11661.000000
19062.000000
5963.000000
2108.000000
19118.000000
21811.000000
21974.000000
25717.000000
21552.000000
13213.000000
3527.000000
1306.000000
8138.000000
10464.000000
9029.000000
5279.000000
11344.000000
1777.000000
4362.000000
5613.000000
7901.000000
5151.000000
2017.000000
2171.000000
3762.000000
12539.000000
9269.000000
3928.000000
2809.000000
564.000000
1461.000000
5835.000000
10859.000000
13616.000000
8399.000000
2015.000000
5875.000000
7864.000000
8917.000000
6362.000000
3050.000000
2802.000000
854.000000
858.000000
9487.000000
15150.000000
14322.000000
20444.000000
19264.000000
5471.000000
7060.000000
1056.000000
2415.000000
4661.000000
662.000000
5416.000000
1628.000000
3138.000000
4455.000000
948.000000
746.000000
3419.000000
3825.000000
5343.000000
8031.000000
4537.000000
727.000000
3003.000000
8931.000000
10286.000000
14709.000000
1991.000000
882.000000
291.000000
1443.000000
2863.000000
3027.000000
3290.000000
777.000000
317.000000
286.000000
665.000000
469.000000
1551.000000
2632.000000
1278.000000
181.000000
1101.000000
2998.000000
1542.000000
3783.000000
2000.000000
759.000000
1329.000000
1627.000000
1096.000000
2091.000000
691.000000
1143.000000
6016.000000
552.000000
393.000000
5934.000000
6416.000000
798.000000
613.000000
1721.000000
311.000000
821.000000
1258.000000
1869.000000
4122.000000
2566.000000
752.000000
438.000000
553.000000
1199.000000
844.000000
2974.000000
1288.000000
195.000000
545.000000
2106.000000
2449.000000
2167.000000
2980.000000
1385.000000
721.000000
1477.000000
2095.000000
231.000000
1375.000000
741.000000
410.000000
1223.000000
1819.000000
1019.000000
150.000000
1836.000000
2346.000000
1296.000000
1747.000000
1887.000000
559.000000
700.000000
553.000000
323.000000
1099.000000
961.000000
532.000000
1924.000000
809.000000
1930.000000
1435.000000
541.000000
782.000000
1257.000000
1451.000000
261.000000
3392.000000
3894.000000
3787.000000
2625.000000
3879.000000
6621.000000
6178.000000
7695.000000
6265.000000
6746.000000
5893.000000
6703.000000
5044.000000
2953.000000
1444.000000
845.000000
1780.000000
967.000000
302.000000
460.000000
1428.000000
1317.000000
292.000000
1138.000000
1905.000000
1526.000000
1005.000000
1079.000000
295.000000
985.000000
1515.000000
2215.000000
643.000000
888.000000
2626.000000
2448.000000
3727.000000
1583.000000
653.000000
841.000000
385.000000
744.000000
824.000000
1176.000000
990.000000
1270.000000
253.000000
629.000000
855.000000
1275.000000
2156.000000
888.000000
1923.000000
481.000000
274.000000
949.000000
563.000000
1868.000000
2706.000000
1069.000000
967.000000
228.000000
943.000000
1457.000000
2164.000000
445.000000
238.000000
1013.000000
2199.000000
1023.000000
1217.000000
1436.000000
2088.000000
120.000000
479.000000
1146.000000
2020.000000
1302.000000
216.000000
1139.000000
857.000000
2322.000000
825.000000
363.000000
391.000000
1091.000000
356.000000
538.000000
1789.000000
2470.000000
1490.000000
825.000000
1095.000000
2423.000000
2719.000000
1985.000000
2721.000000
784.000000
1739.000000
3622.000000
2283.000000
3776.000000
1663.000000
929.000000
788.000000
310.000000
420.000000
514.000000
2867.000000
1942.000000
1197.000000
571.000000
837.000000
556.000000
1390.000000
804.000000
858.000000
1357.000000
2334.000000
195.000000
883.000000
1014.000000
2816.000000
424.000000
255.000000
776.000000
1791.000000
1035.000000
1574.000000
976.000000
182.000000
702.000000
414.000000
847.000000
900.000000
1562.000000
783.000000
451.000000
1496.000000
774.000000
843.000000
1698.000000
655.000000
895.000000
452.000000
676.000000
907.000000
851.000000
1749.000000
1041.000000
1310.000000
2232.000000
4366.000000
4693.000000
4457.000000
4921.000000
5521.000000
4227.000000
2010.000000
219.000000
2293.000000
3217.000000
347.000000
1257.000000
1177.000000
2074.000000
1475.000000
2513.000000
2145.000000
749.000000
416.000000
446.000000
886.000000
339.000000
2556.000000
2307.000000
1828.000000
939.000000
1324.000000
2017.000000
2649.000000
548.000000
375.000000
1307.000000
1952.000000
442.000000
1784.000000
3185.000000
1853.000000
281.000000
1405.000000
1251.000000
609.000000
1255.000000
490.000000
3260.000000
5548.000000
5196.000000
4914.000000
5955.000000
5701.000000
5827.000000
1147.000000
867.000000
3953.000000
3991.000000
1392.000000
1255.000000
994.000000
406.000000
785.000000
882.000000
152.000000
1356.000000
3108.000000
727.000000
534.000000
1019.000000
1970.000000
769.000000
1013.000000
4060.000000
5962.000000
6132.000000
7027.000000
6503.000000
7190.000000
6928.000000
1580.000000
3642.000000
1759.000000
1949.000000
5559.000000
8143.000000
8876.000000
8563.000000
8529.000000
7518.000000
8799.000000
7169.000000
4587.000000
1733.000000
672.000000
563.000000
683.000000
1170.000000
702.000000
767.000000
500.000000
413.000000
548.000000
420.000000
555.000000
473.000000
1471.000000
2359.000000
477.000000
413.000000
878.000000
1339.000000
2869.000000
2085.000000
793.000000
583.000000
1125.000000
1387.000000
2250.000000
556.000000
601.000000
3005.000000
3544.000000
3296.000000
4108.000000
1013.000000
717.000000
1048.000000
1722.000000
784.000000
186.000000
1641.000000
2637.000000
1794.000000
1008.000000
3212.000000
4776.000000
5166.000000
4691.000000
1587.000000
900.000000
2182.000000
1404.000000
864.000000
2788.000000
2757.000000
17004.000000
4397.000000
5182.000000
5314.000000
2612.000000
1274.000000
1524.000000
2494.000000
1545.000000
2029.000000
276.000000
1580.000000
3114.000000
3869.000000
7120.000000
3401.000000
2729.000000
1813.000000
1438.000000
2210.000000
1265.000000
1570.000000
4827.000000
4375.000000
5630.000000
5731.000000
5037.000000
954.000000
6274.000000
789.000000
2957.000000
4142.000000
1503.000000
2207.000000
879.000000
972.000000
3939.000000
1930.000000
723.000000
1204.000000
3564.000000
6350.000000
6646.000000
7829.000000
8594.000000
7340.000000
1435.000000
1839.000000
4550.000000
3877.000000
4058.000000
658.000000
506.000000
1943.000000
1891.000000
1400.000000
2618.000000
2708.000000
751.000000
228.000000
995.000000
866.000000
2196.000000
2781.000000
1860.000000
5162.000000
1815.000000
567.000000
1341.000000
657.000000
1222.000000
3916.000000
6329.000000
4561.000000
6428.000000
21070.000000
19323.000000
19884.000000
626.000000
226.000000
3719.000000
4281.000000
4981.000000
259.000000
1304.000000
2903.000000
1239.000000
321.000000
1338.000000
353.000000
785.000000
3658.000000
3099.000000
514.000000
899.000000
619.000000
922.000000
620.000000
1335.000000
257.000000
2012.000000
2913.000000
902.000000
680.000000
1555.000000
3630.000000
1450.000000
3098.000000
4124.000000
2841.000000
3939.000000
2727.000000
256.000000
282.000000
316.000000
314.000000
1054.000000
2179.000000
763.000000
352.000000
180.000000
3891.000000
4199.000000
1322.000000
415.000000
202.000000
477.000000
802.000000
287.000000
471.000000
1549.000000
2334.000000
1332.000000
971.000000
616.000000
985.000000
818.000000
1927.000000
1469.000000
3662.000000
2569.000000
3751.000000
1641.000000
245.000000
1031.000000
1273.000000
2643.000000
433.000000
779.000000
812.000000
654.000000
903.000000
1927.000000
239.000000
783.000000
189.000000
224.000000
1259.000000
3585.000000
3641.000000
4432.000000
4717.000000
2315.000000
279.000000
868.000000
573.000000
989.000000
434.000000
1469.000000
3907.000000
2404.000000
3022.000000
1274.000000
2360.000000
3557.000000
4505.000000
4729.000000
5598.000000
3091.000000
2422.000000
188.000000
294.000000
2238.000000
2788.000000
752.000000
1357.000000
2150.000000
1093.000000
2363.000000
1958.000000
818.000000
623.000000
1139.000000
1805.000000
544.000000
132.000000
531.000000
1281.000000
326.000000
1029.000000
1963.000000
887.000000
1610.000000
2386.000000
1858.000000
682.000000
1986.000000
2834.000000
415.000000
1090.000000
261.000000
709.000000
218.000000
1170.000000
501.000000
2091.000000
3297.000000
1936.000000
951.000000
500.000000
1955.000000
3455.000000
2370.000000
889.000000
435.000000
1515.000000
1846.000000
4437.000000
4951.000000
4740.000000
5460.000000
1779.000000
1211.000000
666.000000
1473.000000
2734.000000
1068.000000
1067.000000
196.000000
694.000000
206.000000
1553.000000
3022.000000
1572.000000
479.000000
606.000000
1141.000000
2068.000000
840.000000
133.000000
370.000000
938.000000
1778.000000
690.000000
209.000000
192.000000
1750.000000
2288.000000
3356.000000
1711.000000
493.000000
2302.000000
3922.000000
2495.000000
826.000000
1089.000000
2172.000000
816.000000
739.000000
741.000000
171.000000
728.000000
773.000000
487.000000
1372.000000
747.000000
754.000000
1059.000000
1571.000000
1408.000000
2004.000000
599.000000
1023.000000
169.000000
1013.000000
3409.000000
3390.000000
3147.000000
901.000000
1220.000000
548.000000
1406.000000
755.000000
689.000000
2170.000000
2257.000000
1565.000000
816.000000
656.000000
1107.000000
4116.000000
4499.000000
4760.000000
6661.000000
5169.000000
4721.000000
5383.000000
1742.000000
1928.000000
3361.000000
2919.000000
3658.000000
3098.000000
1930.000000
1591.000000
3233.000000
3036.000000
4308.000000
4075.000000
2402.000000
931.000000
381.000000
295.000000
448.000000
204.000000
1610.000000
2335.000000
204.000000
499.000000
469.000000
240.000000
1444.000000
3109.000000
2051.000000
3722.000000
681.000000
1003.000000
1271.000000
2171.000000
1059.000000
812.000000
1318.000000
4104.000000
3238.000000
1727.000000
1245.000000
456.000000
784.000000
810.000000
540.000000
989.000000
564.000000
1912.000000
1966.000000
2061.000000
2450.000000
577.000000
2025.000000
1557.000000
3758.000000
5924.000000
4766.000000
6309.000000
5498.000000
6151.000000
3875.000000
975.000000
234.000000
739.000000
1390.000000
2266.000000
1629.000000
2720.000000
1504.000000
165.000000
1034.000000
2007.000000
168.000000
1004.000000
950.000000
2184.000000
3520.000000
1925.000000
895.000000
519.000000
2876.000000
4684.000000
4331.000000
818.000000
462.000000
1091.000000
712.000000
768.000000
170.000000
552.000000
393.000000
717.000000
1352.000000
710.000000
931.000000
1719.000000
1188.000000
458.000000
611.000000
888.000000
479.000000
516.000000
1299.000000
2381.000000
1826.000000
387.000000
2094.000000
2396.000000
125.000000
1026.000000
1148.000000
2114.000000
858.000000
762.000000
387.000000
1342.000000
3094.000000
2821.000000
1017.000000
1750.000000
2830.000000
1692.000000
705.000000
1039.000000
1957.000000
1641.000000
1160.000000
3026.000000
2085.000000
3705.000000
1499.000000
857.000000
601.000000
2806.000000
3807.000000
4559.000000
1490.000000
1365.000000
2118.000000
209.000000
517.000000
652.000000
1071.000000
256.000000
699.000000
965.000000
723.000000
538.000000
1028.000000
862.000000
575.000000
479.000000
606.000000
1064.000000
2141.000000
3723.000000
4413.000000
5740.000000
5256.000000
4700.000000
4104.000000
3670.000000
2222.000000
3935.000000
2962.000000
3010.000000
3602.000000
2256.000000
185.000000
337.000000
311.000000
916.000000
851.000000
1527.000000
890.000000
148.000000
640.000000
1057.000000
262.000000
1112.000000
1557.000000
688.000000
246.000000
1277.000000
2039.000000
265.000000
1292.000000
5087.000000
3825.000000
2846.000000
525.000000
965.000000
814.000000
1452.000000
1291.000000
1158.000000
3322.000000
2403.000000
3257.000000
1577.000000
459.000000
286.000000
319.000000
847.000000
1291.000000
2106.000000
2469.000000
3945.000000
5665.000000
4866.000000
5153.000000
4976.000000
6210.000000
46962.000000
46451.000000
2344.000000
2427.000000
230.000000
867.000000
895.000000
1297.000000
2224.000000
716.000000
1437.000000
1798.000000
544.000000
1108.000000
1305.000000
787.000000
387.000000
806.000000
1840.000000
432.000000
1098.000000
575.000000
2214.000000
3435.000000
223.000000
1204.000000
4202.000000
4118.000000
5410.000000
5699.000000
3496.000000
4017.000000
847.000000
597.000000
1056.000000
416.000000
228.000000
899.000000
2188.000000
2376.000000
608.000000
560.000000
1420.000000
896.000000
1902.000000
143.000000
1513.000000
4497.000000
3915.000000
4259.000000
4447.000000
648.000000
2472.000000
538.000000
385.000000
1840.000000
1625.000000
1355.000000
986.000000
1969.000000
2901.000000
2265.000000
671.000000
871.000000
238.000000
1368.000000
3317.000000
2680.000000
3331.000000
665.000000
872.000000
933.000000
1314.000000
740.000000
1605.000000
1701.000000
278.000000
475.000000
447.000000
1210.000000
2735.000000
1463.000000
614.000000
1601.000000
1184.000000
1468.000000
614.000000
887.000000
467.000000
1299.000000
478.000000
1117.000000
230.000000
172.000000
254.000000
679.000000
1111.000000
1543.000000
370.000000
766.000000
1752.000000
1194.000000
1898.000000
1034.000000
906.000000
1164.000000
1479.000000
260.000000
1588.000000
4112.000000
2782.000000
3338.000000
740.000000
1003.000000
781.000000
2115.000000
2266.000000
1481.000000
1287.000000
982.000000
1009.000000
336.000000
265.000000
999.000000
1742.000000
3076.000000
2974.000000
3510.000000
597.000000
949.000000
2029.000000
3580.000000
1959.000000
371.000000
896.000000
1446.000000
133.000000
2262.000000
3559.000000
2039.000000
919.000000
279.000000
1269.000000
1159.000000
414.000000
764.000000
2008.000000
2099.000000
615.000000
1485.000000
2652.000000
1273.000000
2842.000000
3276.000000
2248.000000
797.000000
502.000000
2220.000000
143.000000
1647.000000
2491.000000
1882.000000
1336.000000
1394.000000
2996.000000
1922.000000
613.000000
1213.000000
2267.000000
1694.000000
133.000000
618.000000
974.000000
283.000000
304.000000
608.000000
565.000000
741.000000
363.000000
2042.000000
1896.000000
796.000000
1033.000000
1089.000000
3732.000000
3662.000000
3368.000000
2414.000000
1531.000000
1757.000000
381.000000
176.000000
613.000000
1827.000000
778.000000
1613.000000
878.000000
2026.000000
253.000000
418.000000
918.000000
1385.000000
1083.000000
1479.000000
1669.000000
955.000000
1583.000000
3502.000000
2429.000000
435.000000
500.000000
1541.000000
1063.000000
1574.000000
5952.000000
8357.000000
8481.000000
15153.000000
15488.000000
16795.000000
15585.000000
14712.000000
16241.000000
9793.000000
398.000000
174.000000
1447.000000
1232.000000
648.000000
596.000000
622.000000
1380.000000
2264.000000
1770.000000
2962.000000
1126.000000
291.000000
455.000000
1069.000000
3313.000000
1636.000000
2929.000000
303.000000
1665.000000
1966.000000
1040.000000
592.000000
805.000000
2618.000000
3531.000000
3785.000000
3489.000000
325.000000
1319.000000
1974.000000
478.000000
837.000000
2056.000000
3230.000000
3670.000000
1116.000000
1826.000000
984.000000
1025.000000
1359.000000
506.000000
584.000000
1336.000000
1542.000000
1675.000000
578.000000
1481.000000
915.000000
1936.000000
999.000000
150.000000
755.000000
2830.000000
2140.000000
705.000000
534.000000
1375.000000
990.000000
1117.000000
1711.000000
920.000000
127.000000
1123.000000
291.000000
204.000000
741.000000
494.000000
353.000000
1529.000000
1536.000000
916.000000
915.000000
1448.000000
2417.000000
1055.000000
2130.000000
598.000000
1109.000000
3341.000000
2507.000000
3634.000000
2461.000000
3691.000000
2552.000000
2454.000000
545.000000
564.000000
760.000000
1333.000000
338.000000
813.000000
781.000000
939.000000
1164.000000
128.000000
1486.000000
2666.000000
2753.000000
3139.000000
1612.000000
2776.000000
1246.000000
831.000000
717.000000
738.000000
654.000000
1342.000000
2226.000000
2917.000000
4377.000000
4900.000000
5824.000000
4169.000000
5774.000000
2400.000000
2905.000000
403.000000
1647.000000
2423.000000
3946.000000
4353.000000
4675.000000
4843.000000
3558.000000
1596.000000
736.000000
1846.000000
27105.000000
932.000000
850.000000
400.000000
1240.000000
2545.000000
5699.000000
5827.000000
4498.000000
1565.000000
3439.000000
3917.000000
4591.000000
519.000000
757.000000
740.000000
1554.000000
1039.000000
324.000000
3686.000000
3376.000000
3699.000000
4420.000000
2996.000000
433.000000
160.000000
269.000000
483.000000
2392.000000
3611.000000
3813.000000
3878.000000
1597.000000
1193.000000
569.000000
1756.000000
2139.000000
380.000000
1613.000000
1678.000000
727.000000
788.000000
1476.000000
299.000000
779.000000
915.000000
470.000000
471.000000
645.000000
477.000000
507.000000
1740.000000
2091.000000
887.000000
1750.000000
883.000000
2029.000000
3360.000000
3508.000000
3374.000000
369.000000
554.000000
790.000000
2073.000000
2509.000000
515.000000
760.000000
805.000000
165.000000
135.000000
913.000000
407.000000
1896.000000
3318.000000
2118.000000
1865.000000
1957.000000
761.000000
850.000000
1441.000000
2040.000000
220.000000
1043.000000
2950.000000
2127.000000
2827.000000
646.000000
1127.000000
1153.000000
2028.000000
1144.000000
1696.000000
2539.000000
2049.000000
810.000000
3345.000000
2698.000000
4756.000000
2880.000000
2912.000000
3853.000000
3225.000000
332.000000
689.000000
157.000000
709.000000
363.000000
253.000000
183.000000
1349.000000
1819.000000
311.000000
323.000000
1290.000000
1589.000000
1472.000000
546.000000
1313.000000
867.000000
1660.000000
400.000000
884.000000
1116.000000
1733.000000
529.000000
1666.000000
759.000000
959.000000
402.000000
1182.000000
3566.000000
3363.000000
1706.000000
2302.000000
2806.000000
935.000000
434.000000
205.000000
961.000000
543.000000
760.000000
1952.000000
2494.000000
517.000000
456.000000
1455.000000
3134.000000
3067.000000
468.000000
1141.000000
2774.000000
3582.000000
891.000000
310.000000
513.000000
322.000000
907.000000
426.000000
3031.000000
249.000000
2041.000000
2898.000000
3960.000000
937.000000
1795.000000
854.000000
1254.000000
1907.000000
271.000000
1259.000000
822.000000
1637.000000
857.000000
655.000000
2727.000000
1627.000000
1298.000000
1320.000000
1329.000000
1317.000000
3015.000000
2570.000000
1853.000000
3710.000000
5688.000000
6069.000000
6689.000000
5082.000000
929.000000
1523.000000
613.000000
1714.000000
905.000000
915.000000
256.000000
590.000000
656.000000
689.000000
1365.000000
1980.000000
752.000000
3017.000000
2243.000000
2654.000000
1140.000000
1798.000000
742.000000
506.000000
948.000000
1190.000000
4362.000000
3777.000000
4251.000000
4403.000000
2112.000000
1757.000000
1325.000000
3589.000000
3546.000000
2902.000000
1807.000000
773.000000
1398.000000
3294.000000
2631.000000
2749.000000
3717.000000
2882.000000
3210.000000
3436.000000
2592.000000
847.000000
1154.000000
631.000000
2200.000000
4160.000000
3433.000000
3481.000000
4151.000000
2852.000000
3418.000000
980.000000
1231.000000
3376.000000
2599.000000
6697.000000
7094.000000
1668.000000
565.000000
388.000000
1475.000000
276.000000
1602.000000
2377.000000
1027.000000
1566.000000
725.000000
523.000000
526.000000
310.000000
327.000000
949.000000
931.000000
537.000000
662.000000
The average waiting time  is :  3744.602500 
