1 , 32 42583.000000
64087.000000
86189.000000
89820.000000
94420.000000
50692.000000
3024.000000
2449.000000
1747.000000
6456.000000
43740.000000
45042.000000
44952.000000
52764.000000
60503.000000
66050.000000
63973.000000
1183.000000
3662.000000
4301.000000
6536.000000
3680.000000
5046.000000
2103.000000
4476.000000
7962.000000
2072.000000
3620.000000
4881.000000
1569.000000
2346.000000
4783.000000
3852.000000
13735.000000
12167.000000
15487.000000
34656.000000
44430.000000
2203.000000
2717.000000
1878.000000
3916.000000
609.000000
5327.000000
19230.000000
16543.000000
20417.000000
7054.000000
16036.000000
10787.000000
14372.000000
10193.000000
10613.000000
1227.000000
4135.000000
12813.000000
16993.000000
1198.000000
3945.000000
3646.000000
1232.000000
4743.000000
18223.000000
17785.000000
15654.000000
4848.000000
21191.000000
26529.000000
28562.000000
31875.000000
24586.000000
3332.000000
5583.000000
2284.000000
2425.000000
6050.000000
9728.000000
14380.000000
10490.000000
13658.000000
19464.000000
22586.000000
19270.000000
4184.000000
6414.000000
6607.000000
17240.000000
15326.000000
19636.000000
2851.000000
2012.000000
9732.000000
10527.000000
1944.000000
15464.000000
23467.000000
21318.000000
8914.000000
21674.000000
12780.000000
12217.000000
6524.000000
12354.000000
17875.000000
7958.000000
2094.000000
10167.000000
9861.000000
6189.000000
2767.000000
3296.000000
2493.000000
9520.000000
5284.000000
7959.000000
617.000000
4791.000000
3772.000000
4042.000000
5593.000000
14375.000000
13508.000000
12497.000000
12548.000000
5323.000000
2040.000000
3656.000000
604.000000
16612.000000
6258.000000
13052.000000
9949.000000
13173.000000
15962.000000
9936.000000
9315.000000
14080.000000
7568.000000
3852.000000
1500.000000
1668.000000
3452.000000
1026.000000
5937.000000
2067.000000
3654.000000
5948.000000
3721.000000
1074.000000
3541.000000
656.000000
5482.000000
2618.000000
8876.000000
10268.000000
19516.000000
16904.000000
19367.000000
5599.000000
1630.000000
5357.000000
13292.000000
10615.000000
17529.000000
20566.000000
23051.000000
21618.000000
5638.000000
3956.000000
1641.000000
3467.000000
1899.000000
303.000000
1037.000000
3620.000000
2326.000000
3379.000000
3427.000000
9460.000000
13789.000000
11101.000000
2760.000000
2013.000000
3869.000000
407.000000
4561.000000
3810.000000
2236.000000
4689.000000
8308.000000
24227.000000
19224.000000
5250.000000
12794.000000
10848.000000
13173.000000
14247.000000
36527.000000
34462.000000
16072.000000
2868.000000
1575.000000
12770.000000
10360.000000
12168.000000
13288.000000
18052.000000
14528.000000
11677.000000
10672.000000
18141.000000
16123.000000
18223.000000
498.000000
7918.000000
9578.000000
14913.000000
9787.000000
3730.000000
880.000000
5589.000000
23178.000000
22979.000000
3069.000000
5804.000000
951.000000
975.000000
6280.000000
622.000000
5368.000000
1684.000000
4459.000000
12432.000000
12802.000000
14250.000000
10330.000000
16147.000000
13379.000000
21818.000000
12403.000000
16039.000000
9408.000000
3931.000000
1508.000000
9677.000000
2197.000000
1493.000000
6792.000000
4308.000000
10115.000000
11138.000000
7709.000000
714.000000
8538.000000
5001.000000
12761.000000
10526.000000
601.000000
6161.000000
5227.000000
1800.000000
1278.000000
3946.000000
2714.000000
8151.000000
8933.000000
5047.000000
233.000000
4277.000000
3226.000000
692.000000
5997.000000
8954.000000
14205.000000
8881.000000
3852.000000
1037.000000
1122.000000
5303.000000
12667.000000
10671.000000
13953.000000
10973.000000
11993.000000
12500.000000
14830.000000
8121.000000
3962.000000
4866.000000
3441.000000
1203.000000
3221.000000
8671.000000
7328.000000
3663.000000
3194.000000
13747.000000
10459.000000
16515.000000
8986.000000
717.000000
4605.000000
16600.000000
20470.000000
20256.000000
14649.000000
7192.000000
5723.000000
13704.000000
10753.000000
17331.000000
19564.000000
19358.000000
756.000000
5848.000000
6385.000000
22417.000000
22491.000000
4309.000000
1773.000000
2990.000000
632.000000
4499.000000
14023.000000
11050.000000
12571.000000
8337.000000
12716.000000
10881.000000
12853.000000
12673.000000
18559.000000
19810.000000
7543.000000
6335.000000
875.000000
7281.000000
7614.000000
7648.000000
1803.000000
3883.000000
1335.000000
9120.000000
16218.000000
13834.000000
12766.000000
13105.000000
4534.000000
1976.000000
5224.000000
14315.000000
13057.000000
12792.000000
10416.000000
17404.000000
23470.000000
23145.000000
18277.000000
15201.000000
8719.000000
803.000000
3991.000000
4431.000000
1034.000000
1151.000000
5414.000000
1871.000000
1137.000000
1286.000000
4253.000000
4474.000000
14786.000000
10753.000000
12541.000000
11236.000000
11865.000000
11501.000000
534.000000
5400.000000
19931.000000
17195.000000
4770.000000
19042.000000
18650.000000
20552.000000
12583.000000
9791.000000
4492.000000
6975.000000
2948.000000
2655.000000
4140.000000
1709.000000
4780.000000
2216.000000
17526.000000
3526.000000
2672.000000
3077.000000
2664.000000
3967.000000
4368.000000
5082.000000
3796.000000
3475.000000
3646.000000
2830.000000
4018.000000
3935.000000
4351.000000
640.000000
367.000000
1212.000000
646.000000
1169.000000
1106.000000
3159.000000
2692.000000
3108.000000
3167.000000
3249.000000
1999.000000
322.000000
1017.000000
507.000000
730.000000
179.000000
640.000000
1218.000000
3539.000000
2837.000000
785.000000
1294.000000
766.000000
1197.000000
2908.000000
3913.000000
2683.000000
3345.000000
2558.000000
3203.000000
3039.000000
2264.000000
2223.000000
4241.000000
3045.000000
1843.000000
3254.000000
2563.000000
2558.000000
403.000000
1148.000000
3188.000000
2455.000000
3883.000000
2677.000000
1938.000000
229.000000
329.000000
1386.000000
2935.000000
3146.000000
3676.000000
1902.000000
339.000000
1143.000000
146.000000
884.000000
324.000000
544.000000
408.000000
321.000000
783.000000
135.000000
1402.000000
1132.000000
3899.000000
4243.000000
4181.000000
3178.000000
2702.000000
661.000000
2141.000000
1504.000000
3184.000000
2487.000000
3206.000000
3612.000000
2588.000000
4045.000000
4168.000000
4375.000000
3160.000000
2729.000000
2939.000000
3259.000000
796.000000
759.000000
1220.000000
147.000000
2873.000000
1020.000000
1817.000000
443.000000
692.000000
150.000000
3611.000000
1282.000000
2727.000000
2162.000000
745.000000
1295.000000
348.000000
630.000000
1036.000000
289.000000
1494.000000
1175.000000
578.000000
126.000000
1323.000000
579.000000
891.000000
288.000000
1827.000000
203.000000
756.000000
478.000000
934.000000
1156.000000
628.000000
1089.000000
4332.000000
4701.000000
4741.000000
4306.000000
2090.000000
1007.000000
1315.000000
516.000000
1815.000000
1626.000000
2723.000000
2346.000000
3070.000000
1978.000000
753.000000
435.000000
262.000000
1779.000000
1733.000000
707.000000
714.000000
899.000000
1540.000000
3174.000000
1962.000000
932.000000
783.000000
1228.000000
843.000000
318.000000
326.000000
937.000000
1515.000000
3424.000000
2693.000000
3936.000000
2895.000000
1294.000000
765.000000
1163.000000
321.000000
1545.000000
6948.000000
3690.000000
2681.000000
953.000000
1015.000000
1625.000000
142.000000
1588.000000
4720.000000
3911.000000
4529.000000
3247.000000
2503.000000
4495.000000
3693.000000
1987.000000
1687.000000
378.000000
1793.000000
1399.000000
2995.000000
3281.000000
5255.000000
4121.000000
1294.000000
3840.000000
2866.000000
2847.000000
705.000000
1551.000000
1269.000000
1247.000000
431.000000
1572.000000
557.000000
280.000000
249.000000
1564.000000
1519.000000
921.000000
633.000000
1067.000000
1202.000000
557.000000
815.000000
1118.000000
719.000000
1379.000000
1853.000000
302.000000
459.000000
307.000000
558.000000
1394.000000
328.000000
742.000000
1314.000000
128.000000
1453.000000
3205.000000
2078.000000
908.000000
165.000000
3258.000000
2885.000000
4916.000000
6226.000000
6396.000000
5379.000000
3858.000000
4470.000000
1037.000000
997.000000
1490.000000
552.000000
336.000000
338.000000
1545.000000
3949.000000
2766.000000
3194.000000
2110.000000
1624.000000
784.000000
642.000000
1160.000000
252.000000
638.000000
3372.000000
2792.000000
3859.000000
2935.000000
3499.000000
607.000000
1397.000000
3142.000000
3211.000000
539.000000
1288.000000
505.000000
914.000000
1148.000000
455.000000
423.000000
3123.000000
1757.000000
3880.000000
2431.000000
997.000000
922.000000
1253.000000
633.000000
1225.000000
484.000000
1066.000000
3404.000000
2666.000000
585.000000
1425.000000
1329.000000
791.000000
732.000000
1218.000000
273.000000
1338.000000
920.000000
1240.000000
311.000000
200.000000
4139.000000
3158.000000
4295.000000
4807.000000
5322.000000
6238.000000
2572.000000
924.000000
801.000000
1204.000000
1653.000000
4511.000000
5497.000000
6801.000000
5639.000000
4080.000000
5598.000000
3982.000000
1836.000000
2011.000000
3155.000000
3266.000000
2635.000000
1361.000000
900.000000
689.000000
310.000000
712.000000
1023.000000
833.000000
865.000000
1415.000000
1335.000000
946.000000
288.000000
1031.000000
3283.000000
3473.000000
2439.000000
3948.000000
4030.000000
4309.000000
1643.000000
500.000000
274.000000
615.000000
454.000000
170.000000
917.000000
507.000000
1436.000000
1063.000000
175.000000
1092.000000
250.000000
1006.000000
3654.000000
3520.000000
3339.000000
3834.000000
2966.000000
1539.000000
1150.000000
1213.000000
652.000000
766.000000
973.000000
614.000000
554.000000
630.000000
729.000000
696.000000
1638.000000
161.000000
791.000000
3319.000000
3180.000000
2928.000000
958.000000
1544.000000
1648.000000
4754.000000
3364.000000
3352.000000
528.000000
2424.000000
3092.000000
1233.000000
2236.000000
2027.000000
4705.000000
4931.000000
5425.000000
3884.000000
4783.000000
1301.000000
230.000000
492.000000
2533.000000
2886.000000
279.000000
1200.000000
4208.000000
4398.000000
3347.000000
3593.000000
1907.000000
1139.000000
211.000000
2370.000000
3166.000000
2899.000000
1513.000000
4005.000000
4608.000000
5255.000000
4152.000000
3627.000000
1236.000000
1229.000000
438.000000
270.000000
567.000000
1377.000000
212.000000
2219.000000
2701.000000
2408.000000
3275.000000
2583.000000
3083.000000
3166.000000
3549.000000
2128.000000
781.000000
1345.000000
1365.000000
1313.000000
805.000000
312.000000
1395.000000
770.000000
256.000000
972.000000
790.000000
1291.000000
3191.000000
2742.000000
2945.000000
3178.000000
3477.000000
2185.000000
2817.000000
1838.000000
3180.000000
2898.000000
740.000000
759.000000
249.000000
1842.000000
2028.000000
1192.000000
229.000000
1514.000000
1325.000000
218.000000
415.000000
843.000000
426.000000
1405.000000
90.000000
1316.000000
1629.000000
484.000000
1067.000000
4306.000000
5885.000000
5959.000000
5576.000000
5341.000000
1354.000000
221.000000
890.000000
1371.000000
3261.000000
2705.000000
3469.000000
2600.000000
2659.000000
882.000000
622.000000
594.000000
1616.000000
2350.000000
1331.000000
1360.000000
777.000000
728.000000
653.000000
1179.000000
393.000000
472.000000
1392.000000
586.000000
1319.000000
4020.000000
2717.000000
3188.000000
2637.000000
3054.000000
2612.000000
3153.000000
2667.000000
3033.000000
3179.000000
3484.000000
2291.000000
1106.000000
1533.000000
1902.000000
723.000000
338.000000
1130.000000
489.000000
1524.000000
1595.000000
833.000000
736.000000
1425.000000
3158.000000
2732.000000
3050.000000
2524.000000
3467.000000
2905.000000
3752.000000
2658.000000
4121.000000
2747.000000
771.000000
1087.000000
3102.000000
2527.000000
3158.000000
2666.000000
102.000000
1434.000000
1269.000000
1416.000000
138.000000
179.000000
950.000000
1365.000000
2986.000000
2565.000000
2770.000000
3186.000000
751.000000
1245.000000
3384.000000
2704.000000
2871.000000
4745.000000
3951.000000
1196.000000
182.000000
1164.000000
536.000000
573.000000
770.000000
1514.000000
164.000000
1385.000000
3056.000000
2575.000000
3127.000000
2606.000000
680.000000
1363.000000
3359.000000
2931.000000
2646.000000
99.000000
1144.000000
2225.000000
3803.000000
2765.000000
458.000000
889.000000
3383.000000
2664.000000
4005.000000
3273.000000
3341.000000
3651.000000
3558.000000
5080.000000
The average waiting time  is :  5507.905000 
