4 , 128 38505.000000
55488.000000
52686.000000
91219.000000
39557.000000
53221.000000
53967.000000
44546.000000
21695.000000
12594.000000
7645.000000
5423.000000
1399.000000
3124.000000
1706.000000
6905.000000
3359.000000
5054.000000
3127.000000
6166.000000
16049.000000
13277.000000
21767.000000
25181.000000
26399.000000
2454.000000
4090.000000
7221.000000
4471.000000
2010.000000
4258.000000
4145.000000
8026.000000
2017.000000
14434.000000
21724.000000
25310.000000
7729.000000
3434.000000
7474.000000
13412.000000
20081.000000
21953.000000
26932.000000
572.000000
10526.000000
11706.000000
18652.000000
22328.000000
18881.000000
9786.000000
12399.000000
12760.000000
1268.000000
1385.000000
1065.000000
1280.000000
1633.000000
2349.000000
3907.000000
3589.000000
3825.000000
14215.000000
13485.000000
17674.000000
3576.000000
2070.000000
983.000000
7184.000000
9827.000000
11365.000000
12076.000000
14788.000000
3034.000000
12073.000000
8650.000000
9842.000000
14313.000000
8374.000000
1644.000000
1345.000000
4391.000000
5371.000000
6003.000000
7825.000000
23234.000000
23441.000000
28704.000000
25473.000000
1806.000000
6632.000000
6354.000000
9638.000000
12098.000000
1006.000000
1004.000000
1194.000000
4125.000000
553.000000
12866.000000
18274.000000
23005.000000
29052.000000
7312.000000
832.000000
6941.000000
16741.000000
19642.000000
16982.000000
22560.000000
1544.000000
4020.000000
8408.000000
453.000000
7338.000000
10493.000000
13064.000000
2535.000000
2718.000000
6073.000000
36184.000000
18865.000000
16959.000000
9390.000000
7866.000000
3811.000000
2879.000000
5079.000000
15289.000000
2748.000000
13131.000000
13478.000000
6542.000000
11271.000000
1028.000000
5609.000000
4384.000000
1674.000000
3037.000000
602.000000
1492.000000
3917.000000
3340.000000
3174.000000
15347.000000
21834.000000
62983.000000
68756.000000
62462.000000
54411.000000
2338.000000
1852.000000
4195.000000
3263.000000
262.000000
4663.000000
3310.000000
8669.000000
5296.000000
10853.000000
18381.000000
23442.000000
18809.000000
23180.000000
2216.000000
3529.000000
6500.000000
2961.000000
5100.000000
15853.000000
19697.000000
23651.000000
28432.000000
29918.000000
13035.000000
724.000000
6174.000000
14007.000000
17418.000000
24593.000000
20427.000000
3102.000000
2507.000000
4542.000000
6362.000000
10967.000000
4741.000000
1885.000000
2715.000000
834.000000
950.000000
1854.000000
2036.000000
7214.000000
3495.000000
7164.000000
2843.000000
12689.000000
13049.000000
14897.000000
12918.000000
9464.000000
841.000000
709.000000
4470.000000
2902.000000
3331.000000
4385.000000
20157.000000
25311.000000
23046.000000
26564.000000
31352.000000
29194.000000
983.000000
6293.000000
7576.000000
6107.000000
8615.000000
34704.000000
27996.000000
28731.000000
31895.000000
27651.000000
31229.000000
27534.000000
2805.000000
22846.000000
13246.000000
1250.000000
2889.000000
1934.000000
21697.000000
26489.000000
26872.000000
23897.000000
22812.000000
18847.000000
4419.000000
2727.000000
9365.000000
8858.000000
7744.000000
34448.000000
40076.000000
9544.000000
8156.000000
16109.000000
17453.000000
12722.000000
14665.000000
867.000000
3164.000000
3500.000000
850.000000
1390.000000
3908.000000
1052318.000000
1064429.000000
3078335.000000
4709.000000
5506.000000
10146.000000
26137.000000
4403.000000
15767.000000
5084.000000
9780.000000
3221.000000
3119.000000
6376.000000
954.000000
5886.000000
10552.000000
10103.000000
749.000000
1020.000000
2516.000000
906.000000
1779.000000
4447.000000
908.000000
4104.000000
3973.000000
2629.000000
5573.000000
12685.000000
2735.000000
12458.000000
15615.000000
19964.000000
24009.000000
13794.000000
19456.000000
2659.000000
2964.000000
6671.000000
14003.000000
9588.000000
5097.000000
6461.000000
916.000000
2772.000000
6573.000000
5061.000000
4702.000000
10949.000000
10154.000000
12225.000000
17348.000000
14772.000000
12625.000000
7856.000000
8256.000000
9748.000000
10214.000000
4026.000000
8921.000000
11679.000000
20705.000000
24873.000000
28247.000000
10362.000000
20809.000000
9062.000000
9531.000000
984.000000
2165.000000
8330.000000
16385.000000
19055.000000
102628.000000
96927.000000
4685.000000
3490.000000
4096.000000
5265.000000
7212.000000
12887.000000
12295.000000
4853.000000
1988.000000
6617.000000
11818.000000
12287.000000
6108.000000
4517.000000
2166.000000
1983.000000
5233.000000
1700.000000
3513.000000
1380.000000
6462.000000
2498.000000
3336.000000
8860.000000
7411.000000
7931.000000
24337.000000
20588.000000
24493.000000
31264.000000
32407.000000
36525.000000
36911.000000
23059.000000
19270.000000
15013.000000
1237.000000
3417.000000
12992.000000
15513.000000
11250.000000
15823.000000
5849.000000
3081.000000
3791.000000
4569.000000
10677.000000
18402.000000
11662.000000
18306.000000
1278.000000
1761.000000
3229.000000
7520.000000
1263.000000
4466.000000
11861.000000
16837.000000
22235.000000
22871.000000
27515.000000
25764.000000
23331.000000
2068.000000
3172.000000
3365.000000
1500.000000
1802.000000
740.000000
7408.000000
12234.000000
12083.000000
2589.000000
2073.000000
3013.000000
959.000000
12789.000000
17286.000000
21454.000000
24677.000000
27958.000000
1850.000000
2032.000000
1202.000000
2875.000000
2068.000000
1419.000000
3494.000000
841.000000
2005.000000
1724.000000
4710.000000
8844.000000
9714.000000
2020.000000
5975.000000
14524.000000
8162.000000
3052.000000
4870.000000
5770.000000
9541.000000
14786.000000
15667.000000
15436.000000
20483.000000
1079.000000
3588.000000
1053.000000
4817.000000
14762.000000
10667.000000
1269.000000
5468.000000
11472.000000
7362.000000
4647.000000
3382.000000
5907.000000
8248.000000
7047.000000
1379.000000
2671.000000
1014.000000
2503.000000
1831.000000
1852.000000
3952.000000
7241.000000
11330.000000
8529.000000
7153.000000
11729.000000
11234.000000
17786.000000
10131.000000
10075.000000
6225.000000
18700.000000
12114.000000
1108.000000
4260.000000
2869.000000
2777.000000
1779.000000
528.000000
908.000000
9554.000000
11175.000000
17857.000000
9960.000000
2951.000000
5204.000000
8529.000000
2036.000000
2797.000000
11205.000000
11357.000000
20036.000000
10819.000000
2137.000000
1341.000000
722.000000
1507.000000
4383.000000
7440.000000
18029.000000
28542.000000
1746.000000
4897.000000
1855.000000
765.000000
1976.000000
1955.000000
1421.000000
4667.000000
14046.000000
10304.000000
17045.000000
9227.000000
7247.000000
13423.000000
8891.000000
1849.000000
3908.000000
875.000000
3674.000000
2448.000000
7831.000000
12661.000000
15230.000000
9918.000000
13770.000000
7655.000000
21820.000000
32240.000000
33312.000000
32099.000000
36671.000000
35605.000000
12202.000000
3427.000000
3751.000000
16225.000000
19161.000000
29825.000000
23767.000000
26282.000000
22569.000000
25784.000000
28658.000000
3375.000000
7914.000000
3250.000000
4730.000000
2396.000000
2935.000000
6622.000000
5210.000000
10080.000000
5606.000000
1802.000000
1637.000000
2767.000000
2265.000000
2750.000000
15375.000000
11526.000000
14783.000000
788.000000
7668.000000
13358.000000
19362.000000
22542.000000
24153.000000
17120.000000
14749.000000
5654.000000
2277.000000
951.000000
2596.000000
5657.000000
6378.000000
733.000000
584.000000
3474.000000
6944.000000
16332.000000
10490.000000
15336.000000
17109.000000
15188.000000
17293.000000
21793.000000
9275.000000
8655.000000
11265.000000
6859.000000
4988.000000
8462.000000
566.000000
4626.000000
9553.000000
8800.000000
10309.000000
16936.000000
20284.000000
19383.000000
1522.000000
2617.000000
4472.000000
14403.000000
38835.000000
24098.000000
30637.000000
31279.000000
32187.000000
35188.000000
33500.000000
36908.000000
42447.000000
39076.000000
19535.000000
1283.000000
904.000000
3529.000000
7204.000000
10518.000000
9757.000000
1173.000000
3002.000000
1890.000000
5686.000000
5731.000000
15141.000000
20623.000000
18041.000000
6513.000000
2154.000000
1502.000000
5822.000000
11899.000000
1121.000000
7464.000000
15457.000000
15576.000000
20791.000000
8518.000000
13201.000000
2125.000000
2647.000000
820.000000
6450.000000
12979.000000
8084.000000
1355.000000
1051.000000
3418.000000
1563.000000
6034.000000
11894.000000
9090.000000
4172.000000
3944.000000
8199.000000
3987.000000
2244.000000
4760.000000
7007.000000
2328.000000
3029.000000
7885.000000
9442.000000
14724.000000
12464.000000
5889.000000
1411.000000
7142.000000
7925.000000
1975.000000
4374.000000
2622.000000
1167.000000
5192.000000
8961.000000
1260.000000
3029.000000
6442.000000
7500.000000
1766.000000
4075.000000
5868.000000
11246.000000
5511.000000
9269.000000
15219.000000
11315.000000
4145.000000
7375.000000
17668.000000
8096.000000
2916.000000
798.000000
21679.000000
25412.000000
30433.000000
34379.000000
33316.000000
37862.000000
3122.000000
5643.000000
710.000000
1939.000000
895.000000
4197.000000
2277.000000
6672.000000
14730.000000
15487.000000
17923.000000
3227.000000
6658.000000
7329.000000
3899.000000
9233.000000
7353.000000
7191.000000
1941.000000
3590.000000
1730.000000
11544.000000
19268.000000
21950.000000
26075.000000
24716.000000
11056.000000
15523.000000
6032.000000
3417.000000
8302.000000
4692.000000
2583.000000
6567.000000
14175.000000
14711.000000
9262.000000
1959.000000
7407.000000
1938.000000
5882.000000
9782.000000
9398.000000
6062.000000
2551.000000
11223.000000
11135.000000
46892.000000
38193.000000
24871.000000
24772.000000
25706.000000
15534.000000
21700.000000
7409.000000
1010.000000
2048.000000
2659.000000
6468.000000
8701.000000
6755.000000
4688.000000
8265.000000
4546.000000
7772.000000
7217.000000
10409.000000
5862.000000
6652.000000
11620.000000
6197.000000
11523.000000
10044.000000
2691.000000
2045.000000
1759.000000
3396.000000
5952.000000
18218.000000
12941.000000
20241.000000
8198.000000
3210.000000
3681.000000
4076.000000
11622.000000
6586.000000
3047.000000
8306.000000
9933.000000
1765.000000
2992.000000
1792.000000
799.000000
2867.000000
4767.000000
6772.000000
2983.000000
7908.000000
5352.000000
6426.000000
11128.000000
11070.000000
5830.000000
10742.000000
5216.000000
18171.000000
14657.000000
17612.000000
25374.000000
21544.000000
14886.000000
3418.000000
5624.000000
1165.000000
1834.000000
2091.000000
3885.000000
1520.000000
4103.000000
8900.000000
2730.000000
5029.000000
7822.000000
3924.000000
2581.000000
7646.000000
4585.000000
3126.000000
7406.000000
4493.000000
8429.000000
2768.000000
1401.000000
4115.000000
1989.000000
3372.000000
798.000000
8029.000000
5468.000000
4401.000000
8723.000000
1368.000000
787.000000
1718.000000
8230.000000
9721.000000
16292.000000
15394.000000
19954.000000
15621.000000
13935.000000
713.000000
3101.000000
4016.000000
10747.000000
11465.000000
15493.000000
16842.000000
6682.000000
15899.000000
19555.000000
17274.000000
20843.000000
12115.000000
8486.000000
3859.000000
16619.000000
20771.000000
24598.000000
27780.000000
29256.000000
32117.000000
811.000000
4951.000000
8281.000000
14652.000000
2552.000000
1319.000000
9829.000000
20480.000000
47066.000000
42289.000000
46341.000000
51468.000000
19686.000000
2388.000000
838.000000
2631.000000
3073.000000
3299.000000
5053.000000
3417.000000
12208.000000
14455.000000
6597.000000
6645.000000
15362.000000
14365.000000
16420.000000
14738.000000
6589.000000
3098.000000
3206.000000
5391.000000
10074.000000
3771.000000
3360.000000
5208.000000
589.000000
803.000000
862.000000
1713.000000
2065.000000
4185.000000
14661.000000
14430.000000
15120.000000
13618.000000
8708.000000
3318.000000
4913.000000
1084.000000
5172.000000
1454.000000
8145.000000
11322.000000
6309.000000
9177.000000
15357.000000
5468.000000
3638.000000
2179.000000
4481.000000
6938.000000
8823.000000
5549.000000
1568.000000
5042.000000
2226.000000
2452.000000
4076.000000
6632.000000
7777.000000
3306.000000
8667.000000
1371.000000
4207.000000
1806.000000
3383.000000
1216.000000
3545.000000
6103.000000
9612.000000
5336.000000
194488.000000
19363.000000
7601.000000
2861.000000
1637.000000
3008.000000
8603.000000
13623.000000
8750.000000
2199.000000
4045.000000
4195.000000
724.000000
2014.000000
3616.000000
8096.000000
6549.000000
18088.000000
8858.000000
13940.000000
4834.000000
2268.000000
2438.000000
2323.000000
1043.000000
4982.000000
5835.000000
1224.000000
1829.000000
4513.000000
11529.000000
897.000000
1929.000000
4614.000000
6055.000000
7389.000000
13368.000000
10842.000000
20767.000000
78125.000000
74132.000000
76884.000000
4355.000000
2732.000000
2588.000000
3033.000000
6045.000000
7317.000000
2726.000000
1505.000000
3953.000000
18698.000000
17043.000000
22443.000000
15578.000000
20521.000000
2938.000000
1591.000000
2082.000000
2303.000000
3292.000000
1855.000000
3233.000000
1728.000000
5507.000000
14757.000000
13509.000000
14138.000000
2850.000000
14092.000000
17690.000000
15888.000000
4758.000000
6958.000000
5461.000000
4155.000000
3042.000000
3493.000000
582.000000
3343.000000
521.000000
3344.000000
6263.000000
6098.000000
1137.000000
2479.000000
4584.000000
10176.000000
14733.000000
867.000000
2370.000000
7084.000000
13608.000000
1113.000000
3026.000000
1839.000000
4598.000000
1750.000000
3784.000000
6565.000000
9979.000000
3615.000000
535.000000
7993.000000
3731.000000
1620.000000
22530.000000
30588.000000
43737.000000
50135.000000
49886.000000
50871.000000
43117.000000
46432.000000
36814.000000
36296.000000
35541.000000
11416.000000
1881.000000
13692.000000
3066.000000
4775.000000
5284.000000
6419.000000
27536.000000
15742.000000
15674.000000
20393.000000
17511.000000
22457.000000
1968.000000
6460.000000
3998.000000
21544.000000
16114.000000
18150.000000
19695.000000
15326.000000
1833.000000
1427.000000
8359.000000
9923.000000
12569.000000
3693.000000
8372.000000
1501.000000
1336.000000
2999.000000
3915.000000
7397.000000
1966.000000
3285.000000
1167.000000
801.000000
3045.000000
6667.000000
3794.000000
7402.000000
1270.000000
4014.000000
5378.000000
6318.000000
7343.000000
15837.000000
11932.000000
909.000000
6572.000000
8606.000000
4782.000000
7940.000000
910.000000
2500.000000
5698.000000
1622.000000
2778.000000
5014.000000
4945.000000
4292.000000
1096.000000
3160.000000
6724.000000
9792.000000
5871.000000
13766.000000
25711.000000
3341.000000
7916.000000
3637.000000
6434.000000
8583.000000
1788.000000
2475.000000
1774.000000
4852.000000
8991.000000
1704.000000
3265.000000
601.000000
2674.000000
6892.000000
764.000000
9824.000000
1199.000000
3168.000000
999.000000
1898.000000
1922.000000
5224.000000
10981.000000
24740.000000
50678.000000
62563.000000
58381.000000
62639.000000
68223.000000
68310.000000
52752.000000
53070.000000
55801.000000
53954.000000
1456.000000
1095.000000
3693.000000
3309.000000
4793.000000
4986.000000
3704.000000
7784.000000
3274.000000
1125.000000
3364.000000
6135.000000
6530.000000
14070.000000
9845.000000
5104.000000
6424.000000
9125.000000
12135.000000
13982.000000
24551.000000
21149.000000
19212.000000
13921.000000
27015.000000
10846.000000
12916.000000
17646.000000
4345.000000
10530.000000
8852.000000
5407.000000
2264.000000
6337.000000
3289.000000
747.000000
3135.000000
9752.000000
8310.000000
6932.000000
11280.000000
5624.000000
1958.000000
5675.000000
8689.000000
19057.000000
8221.000000
3179.000000
563.000000
1998.000000
4166.000000
7458.000000
5270.000000
12819.000000
17205.000000
15685.000000
18842.000000
17390.000000
2975.000000
1146.000000
1418.000000
576.000000
8856.000000
17525.000000
22299.000000
16643.000000
20211.000000
4448.000000
7387.000000
968.000000
5895.000000
5258.000000
8442.000000
2492.000000
3322.000000
7254.000000
14225.000000
18488.000000
25030.000000
19659.000000
25625.000000
30536.000000
23888.000000
17496.000000
6021.000000
13215.000000
13329.000000
16059.000000
12614.000000
3674.000000
1816.000000
7790.000000
12967.000000
4029.000000
3301.000000
4717.000000
8727.000000
4609.000000
2046.000000
3573.000000
3333.000000
7804.000000
14122.000000
7091.000000
4121.000000
840.000000
3679.000000
5653.000000
1115.000000
6801.000000
9015.000000
18583.000000
12970.000000
12582.000000
19483.000000
392.000000
4485.000000
7879.000000
9809.000000
9808.000000
18333.000000
22319.000000
13833.000000
4095.000000
7070.000000
12527.000000
8628.000000
18106.000000
10830.000000
14317.000000
8496.000000
15718.000000
9022.000000
4853.000000
2443.000000
7317.000000
8593.000000
2295.000000
4335.000000
7858.000000
20339.000000
24677.000000
19989.000000
20972.000000
27645.000000
24680.000000
3286.000000
1235.000000
680.000000
4875.000000
9289.000000
8379.000000
6323.000000
60067.000000
61377.000000
8825.000000
3071.000000
1458.000000
2740.000000
2531.000000
3620.000000
7974.000000
4037.000000
659.000000
3994.000000
5510.000000
8709.000000
9661.000000
7800.000000
1168.000000
3111.000000
2592.000000
5167.000000
1112.000000
3778.000000
10963.000000
10042.000000
2282.000000
4463.000000
5669.000000
3369.000000
3716.000000
6326.000000
3395.000000
7411.000000
7127.000000
14087.000000
18170.000000
10234.000000
2131.000000
10911.000000
14982.000000
17565.000000
8267.000000
1918.000000
6265.000000
6712.000000
12541.000000
7684.000000
7833.000000
1951.000000
2023.000000
2602.000000
13089.000000
12424.000000
18078.000000
2642.000000
4233.000000
9875.000000
12243.000000
14321.000000
24399.000000
25661.000000
30065.000000
24718.000000
26814.000000
2768.000000
3762.000000
9299.000000
7701.000000
5339.000000
3977.000000
3078.000000
4863.000000
6647.000000
2652.000000
16915.000000
9076.000000
3832.000000
3303.000000
481.000000
3560.000000
6345.000000
5785.000000
9378.000000
1216.000000
2115.000000
6309.000000
8483.000000
4671.000000
7524.000000
12171.000000
7876.000000
1463.000000
2855.000000
7016.000000
2521.000000
1396.000000
4435.000000
13978.000000
14796.000000
24789.000000
23379.000000
18584.000000
6539.000000
789.000000
1072.000000
1747.000000
11828.000000
14997.000000
18006.000000
7429.000000
978.000000
1307.000000
4392.000000
9003.000000
1527.000000
796.000000
967.000000
1399.000000
2446.000000
1895.000000
5565.000000
4590.000000
9943.000000
3521.000000
7520.000000
3866.000000
6510.000000
1319.000000
4213.000000
1422.000000
6901.000000
7686.000000
10616.000000
3227.000000
12187.000000
2829.000000
3268.000000
7538.000000
5196.000000
10753.000000
8750.000000
2181.000000
3644.000000
5265.000000
9654.000000
3015.000000
7446.000000
12731.000000
19490.000000
17194.000000
14677.000000
5608.000000
6371.000000
6625.000000
7892.000000
4098.000000
7175.000000
6559.000000
6573.000000
3434.000000
3526.000000
3984.000000
4016.000000
7856.000000
7218.000000
9838.000000
21437.000000
17007.000000
7293.000000
1584.000000
1051.000000
4636.000000
11891.000000
8563.000000
983.000000
941.000000
5402.000000
16378.000000
16475.000000
3018.000000
2443.000000
8748.000000
13096.000000
16975.000000
20293.000000
1521.000000
1882.000000
3604.000000
12675.000000
7458.000000
16706.000000
12594.000000
3429.000000
8061.000000
1286.000000
2273.000000
3423.000000
15225.000000
9440.000000
17640.000000
2709.000000
9779.000000
12669.000000
21186.000000
11318.000000
802.000000
1026.000000
5690.000000
11604.000000
3426.000000
3342.000000
1084.000000
5355.000000
7707.000000
1490.000000
5090.000000
8895.000000
11837.000000
8422.000000
9345.000000
9242.000000
2435.000000
894.000000
6174.000000
15499.000000
16531.000000
20956.000000
18735.000000
20014.000000
4976.000000
12372.000000
10066.000000
17847.000000
11012.000000
550.000000
2454.000000
7762.000000
1589.000000
7243.000000
6750.000000
7997.000000
6215.000000
2817.000000
3588.000000
4980.000000
13404.000000
11006.000000
15764.000000
6987.000000
3072.000000
884.000000
2387.000000
5764.000000
13271.000000
4981.000000
1123.000000
2884.000000
1615.000000
3397.000000
2907.000000
2301.000000
2936.000000
7596.000000
11000.000000
14396.000000
1911.000000
4245.000000
6875.000000
2052.000000
4409.000000
10114.000000
8772.000000
4680.000000
755.000000
6952.000000
10802.000000
2467.000000
3126.000000
1146.000000
4719.000000
11115.000000
3677.000000
3702.000000
8154.000000
1442.000000
881.000000
2181.000000
4234.000000
4917.000000
3738.000000
10537.000000
777.000000
3108.000000
2354.000000
3101.000000
3794.000000
2341.000000
5739.000000
9165.000000
995.000000
5294.000000
6705.000000
6167.000000
8185.000000
897.000000
5836.000000
3312.000000
5798.000000
8818.000000
4812.000000
668.000000
775.000000
4076.000000
6946.000000
10395.000000
18269.000000
31540.000000
29830.000000
37238.000000
33976.000000
37565.000000
40135.000000
27999.000000
27407.000000
1289.000000
3569.000000
2333.000000
1184.000000
2387.000000
2395.000000
2222.000000
10306.000000
17264.000000
23535.000000
15596.000000
28821.000000
72315.000000
4361.000000
3147.000000
2448.000000
1699.000000
2519.000000
6686.000000
3566.000000
2728.000000
2523.000000
1497.000000
6331.000000
4856.000000
2482.000000
2910.000000
5433.000000
2185.000000
5742.000000
13070.000000
14567.000000
19716.000000
20809.000000
21111.000000
24081.000000
3607.000000
5577.000000
10043.000000
6097.000000
6264.000000
1656.000000
2325.000000
3287.000000
5449.000000
5638.000000
2777.000000
689.000000
8834.000000
7553.000000
6969.000000
3475.000000
2848.000000
4653.000000
8717.000000
11375.000000
11745.000000
6102.000000
1110.000000
2279.000000
1160.000000
2315.000000
826.000000
796.000000
2777.000000
805.000000
4903.000000
5258.000000
7333.000000
2162.000000
2213.000000
4115.000000
8829.000000
8500.000000
5370.000000
385.000000
2218.000000
4718.000000
10049.000000
7691.000000
513.000000
1038.000000
6025.000000
7899.000000
16501.000000
13921.000000
14964.000000
12084.000000
9184.000000
5784.000000
7735.000000
4533.000000
6694.000000
2172.000000
7143.000000
10662.000000
12405.000000
16418.000000
3010.000000
4521.000000
1255.000000
571.000000
877.000000
5376.000000
1084.000000
2489.000000
2884.000000
3403.000000
3325.000000
2082.000000
4894.000000
10843.000000
9792.000000
10954.000000
2410.000000
1415.000000
11680.000000
13261.000000
11967.000000
15037.000000
11576.000000
1804.000000
3909.000000
9115.000000
14114.000000
9662.000000
6769.000000
11491.000000
5939.000000
2819.000000
1235.000000
495.000000
4787.000000
7377.000000
924.000000
2516.000000
3190.000000
4976.000000
11946.000000
10667.000000
12902.000000
2238.000000
6349.000000
10743.000000
12637.000000
15459.000000
21749.000000
21130.000000
19867.000000
19650.000000
13181.000000
11315.000000
3012.000000
2347.000000
3162.000000
2419.000000
5135.000000
16712.000000
21252.000000
20296.000000
21352.000000
17659.000000
12329.000000
1529.000000
2910.000000
644.000000
3189.000000
4500.000000
8149.000000
9888.000000
11744.000000
500.000000
697.000000
5200.000000
9641.000000
7744.000000
9165.000000
7452.000000
11385.000000
4855.000000
1789.000000
1826.000000
1184.000000
3016.000000
5781.000000
5790.000000
6564.000000
2486.000000
4911.000000
6129.000000
12262.000000
8562.000000
9323.000000
2088.000000
6579.000000
4544.000000
1633.000000
634.000000
1253.000000
4073.000000
5577.000000
1010.000000
586.000000
3969.000000
5699.000000
3443.000000
10565.000000
6808.000000
978.000000
917.000000
14864.000000
23000.000000
19320.000000
20155.000000
16692.000000
18022.000000
22103.000000
2469.000000
3190.000000
1748.000000
7837.000000
7571.000000
11336.000000
3841.000000
4057.000000
3196.000000
10401.000000
13245.000000
16495.000000
20168.000000
15581.000000
18818.000000
6014.000000
1441.000000
3825.000000
936.000000
1690.000000
1024.000000
2913.000000
12717.000000
15631.000000
15063.000000
18232.000000
16878.000000
6096.000000
3521.000000
4752.000000
4149.000000
6288.000000
7719.000000
8371.000000
16026.000000
17855.000000
21973.000000
112281.000000
104215.000000
107945.000000
110572.000000
10582.000000
13953.000000
12890.000000
3902.000000
4261.000000
1251.000000
2997.000000
6357.000000
9450.000000
1014.000000
3199.000000
2286.000000
2269.000000
3688.000000
4849.000000
2361.000000
3318.000000
13192.000000
11612.000000
1245.000000
12188.000000
29093.000000
30354.000000
32435.000000
34689.000000
31641.000000
36713.000000
2524.000000
4690.000000
3534.000000
3839.000000
1149.000000
5257.000000
5755.000000
1134.000000
1109.000000
2132.000000
4070.000000
10116.000000
11192.000000
12916.000000
15842.000000
6049.000000
6124.000000
11964.000000
15118.000000
13734.000000
13645.000000
1765.000000
6325.000000
6762.000000
9240.000000
1314.000000
2205.000000
6974.000000
11859.000000
7808.000000
13115.000000
7863.000000
5146.000000
2423.000000
430.000000
2179.000000
3274.000000
3989.000000
9258.000000
10611.000000
6274.000000
14164.000000
14520.000000
15462.000000
17229.000000
20139.000000
21939.000000
14486.000000
19305.000000
5616.000000
2216.000000
2618.000000
488.000000
2326.000000
7434.000000
5853.000000
670.000000
3198.000000
6576.000000
2197.000000
2988.000000
40943.000000
9743.000000
12934.000000
17150.000000
7855.000000
1206.000000
1520.000000
2306.000000
983.000000
3304.000000
12544.000000
9581.000000
13243.000000
9911.000000
10428.000000
10978.000000
2824.000000
675.000000
2398.000000
1832.000000
695.000000
1713.000000
634.000000
784.000000
2782.000000
2301.000000
988.000000
603.000000
4022.000000
5810.000000
2852.000000
8711.000000
2735.000000
6043.000000
1947.000000
5641.000000
5301.000000
1719.000000
1829.000000
1438.000000
1830.000000
779.000000
2611.000000
3519.000000
3834.000000
2479.000000
5188.000000
6999.000000
1255.000000
2499.000000
10924.000000
10619.000000
12948.000000
14447.000000
12987.000000
5457.000000
958.000000
2863.000000
1947.000000
1274.000000
4492.000000
3235.000000
3855.000000
2251.000000
2233.000000
3201.000000
6270.000000
520.000000
5467.000000
9320.000000
6375.000000
1875.000000
2887.000000
801.000000
1301.000000
1024.000000
7207.000000
8287.000000
9388.000000
8264.000000
3389.000000
1402.000000
3058.000000
7762.000000
831.000000
8293.000000
11495.000000
35266.000000
32760.000000
17162.000000
17711.000000
2530.000000
3419.000000
4699.000000
9640.000000
8407.000000
917.000000
3289.000000
8533.000000
6374.000000
4317.000000
5202.000000
9185.000000
1619.000000
4785.000000
5668.000000
3636.000000
6976.000000
810.000000
19853.000000
16936.000000
18971.000000
17609.000000
17815.000000
17125.000000
4864.000000
966.000000
2814.000000
511.000000
1266.000000
2744.000000
7720.000000
5598.000000
1981.000000
4314.000000
1013.000000
687.000000
1533.000000
5333.000000
4907.000000
19492.000000
21284.000000
29083.000000
31498.000000
35087.000000
35492.000000
35572.000000
35675.000000
28932.000000
30786.000000
24399.000000
2113.000000
3119.000000
5955.000000
9599.000000
10709.000000
2653.000000
3863.000000
7385.000000
9217.000000
5946.000000
8925.000000
3935.000000
6028.000000
2093.000000
4239.000000
1784.000000
3412.000000
5558.000000
421.000000
576.000000
5952.000000
6069.000000
4251.000000
3997.000000
4399.000000
1794.000000
2483.000000
1866.000000
4638.000000
3080.000000
4596.000000
3188.000000
4918.000000
651.000000
4360.000000
5276.000000
2301.000000
552.000000
3237.000000
3740.000000
12483.000000
16384.000000
12496.000000
19161.000000
21757.000000
11023.000000
12383.000000
3618.000000
6417.000000
11540.000000
10750.000000
15170.000000
15826.000000
13531.000000
12042.000000
14657.000000
2243.000000
2411.000000
1892.000000
10575.000000
14092.000000
8899.000000
8858.000000
2311.000000
8084.000000
8154.000000
11124.000000
3798.000000
2101.000000
3834.000000
6302.000000
778.000000
4367.000000
7758.000000
4325.000000
2704.000000
2708.000000
3642.000000
5511.000000
3717.000000
2900.000000
576.000000
4000.000000
6596.000000
14563.000000
18599.000000
18390.000000
19060.000000
23480.000000
25900.000000
23145.000000
617.000000
340.000000
1743.000000
4472.000000
2142.000000
6181.000000
4882.000000
1955.000000
1264.000000
1580.000000
8587.000000
7915.000000
10816.000000
12756.000000
10144.000000
1095.000000
1952.000000
718.000000
1133.000000
2771.000000
4700.000000
6584.000000
3967.000000
775.000000
2757.000000
4677.000000
8077.000000
2256.000000
2436.000000
3543.000000
4909.000000
5979.000000
9219.000000
1337.000000
4212.000000
5232.000000
3111.000000
1820.000000
6053.000000
9416.000000
10232.000000
7015.000000
858.000000
11219.000000
16172.000000
17653.000000
21015.000000
23496.000000
24868.000000
24672.000000
11734.000000
1329.000000
1093.000000
1160.000000
948.000000
4041.000000
8708.000000
8434.000000
9588.000000
10773.000000
3674.000000
549.000000
2020.000000
2532.000000
973.000000
1524.000000
399.000000
3432.000000
4614.000000
3928.000000
1350.000000
1934.000000
4298.000000
4348.000000
1711.000000
3367.000000
4699.000000
1590.000000
1509.000000
630.000000
1449.000000
3299.000000
4750.000000
4798.000000
2129.000000
4921.000000
5668.000000
4865.000000
12361.000000
13766.000000
12929.000000
11998.000000
9014.000000
478.000000
1739.000000
1177.000000
1200.000000
1619.000000
1443.000000
852.000000
470.000000
1554.000000
3984.000000
3516.000000
3329.000000
281.000000
3691.000000
5529.000000
7738.000000
4648.000000
690.000000
4477.000000
2818.000000
3150.000000
774.000000
4779.000000
7667.000000
4588.000000
4681.000000
2111.000000
887.000000
1452.000000
3199.000000
3598.000000
6116.000000
8449.000000
5362.000000
6191.000000
10185.000000
9590.000000
8214.000000
7631.000000
539.000000
1794.000000
1262.000000
3216.000000
7942.000000
4846.000000
12854.000000
12575.000000
1471.000000
3734.000000
15490.000000
16976.000000
14548.000000
11629.000000
10766.000000
12679.000000
4193.000000
931.000000
2195.000000
1238.000000
656.000000
1043.000000
4252.000000
4255.000000
5055.000000
5682.000000
7644.000000
1674.000000
2962.000000
1936.000000
4222.000000
976.000000
2352.000000
2332.000000
3318.000000
393.000000
661.000000
1645.000000
754.000000
947.000000
2903.000000
1669.000000
1924.000000
1670.000000
3661.000000
2131.000000
3039.000000
490.000000
1317.000000
2171.000000
2172.000000
1549.000000
3056.000000
5731.000000
7026.000000
1093.000000
1239.000000
4444.000000
7341.000000
4002.000000
1028.000000
857.000000
2425.000000
2282.000000
4281.000000
2330.000000
1092.000000
3734.000000
4345.000000
912.000000
2823.000000
1833.000000
2512.000000
6390.000000
1395.000000
4565.000000
4257.000000
2057.000000
3876.000000
2047.000000
4276.000000
2424.000000
2186.000000
1063.000000
1898.000000
2209.000000
1284.000000
748.000000
227.000000
1378.000000
297.000000
2179.000000
3919.000000
1002.000000
1046.000000
399.000000
2138.000000
3967.000000
1962.000000
4223.000000
866.000000
4689.000000
9302.000000
4764.000000
2131.000000
5383.000000
6267.000000
1797.000000
264.000000
2004.000000
1792.000000
3365.000000
3947.000000
5188.000000
704.000000
1676.000000
3428.000000
3309.000000
2580.000000
4512.000000
5104.000000
305.000000
9623.000000
386.000000
2759.000000
4301.000000
1369.000000
2603.000000
4818.000000
689.000000
1777.000000
3036.000000
7885.000000
7058.000000
8165.000000
8406.000000
4101.000000
3465.000000
4416.000000
716.000000
1236.000000
338.000000
3118.000000
2925.000000
295.000000
1448.000000
3558.000000
6853.000000
4538.000000
1630.000000
2444.000000
3482.000000
2657.000000
3496.000000
3575.000000
3063.000000
820.000000
1622.000000
2996.000000
5215.000000
7474.000000
2535.000000
2069.000000
2479.000000
2718.000000
5892.000000
3839.000000
7895.000000
5639.000000
10604.000000
6729.000000
11085.000000
4683.000000
9449.000000
7029.000000
4661.000000
3042.000000
1995.000000
1330.000000
1457.000000
2513.000000
2260.000000
3333.000000
1582.000000
3623.000000
2573.000000
1454.000000
2332.000000
9204.000000
8518.000000
13264.000000
14382.000000
13695.000000
11369.000000
10199.000000
6175.000000
2461.000000
618.000000
1150.000000
3449.000000
3981.000000
8036.000000
3410.000000
2128.000000
2480.000000
1643.000000
7823.000000
5984.000000
7351.000000
1562.000000
2412.000000
10037.000000
11673.000000
13886.000000
12106.000000
14598.000000
14481.000000
9361.000000
9069.000000
1300.000000
785.000000
1073.000000
583.000000
551.000000
448.000000
1877.000000
3298.000000
1857.000000
2665.000000
1551.000000
672.000000
904.000000
1376.000000
1415.000000
4415.000000
17089.000000
19516.000000
19654.000000
9842.000000
6395.000000
8245.000000
1742.000000
3384.000000
779.000000
1551.000000
4169.000000
6482.000000
7160.000000
9399.000000
8443.000000
10288.000000
654.000000
692.000000
3570.000000
10845.000000
8946.000000
11917.000000
11855.000000
15993.000000
2154.000000
2268.000000
2062.000000
2181.000000
9662.000000
8302.000000
9802.000000
12652.000000
9947.000000
2825.000000
763.000000
763.000000
2074.000000
4780.000000
744.000000
1311.000000
3966.000000
6523.000000
8805.000000
7512.000000
5806.000000
8173.000000
7481.000000
2034.000000
1288.000000
5312.000000
10136.000000
12789.000000
9005.000000
3209.000000
1465.000000
898.000000
3189.000000
7791.000000
4717.000000
4737.000000
1529.000000
2033.000000
4379.000000
6107.000000
7051.000000
973.000000
488.000000
2681.000000
2392.000000
3837.000000
431.000000
1158.000000
2239.000000
5340.000000
9618.000000
12177.000000
11161.000000
12648.000000
10099.000000
5447.000000
7300.000000
3350.000000
3527.000000
5880.000000
947.000000
1298.000000
891.000000
9054.000000
10344.000000
13748.000000
16206.000000
16062.000000
17824.000000
16146.000000
10057.000000
931.000000
2669.000000
1755.000000
4349.000000
1485.000000
1101.000000
1156.000000
710.000000
610.000000
1599.000000
649.000000
1387.000000
7395.000000
7343.000000
9066.000000
6732.000000
1277.000000
3165.000000
1012.000000
401.000000
2226.000000
4467.000000
3049.000000
634.000000
2820.000000
3606.000000
9566.000000
5148.000000
6229.000000
18892.000000
900.000000
1165.000000
1506.000000
1369.000000
2033.000000
565.000000
709.000000
2431.000000
754.000000
490.000000
1032.000000
1676.000000
3480.000000
2210.000000
581.000000
2545.000000
1852.000000
1973.000000
2363.000000
2424.000000
3846.000000
2167.000000
4365.000000
306.000000
2876.000000
3005.000000
2191.000000
2643.000000
8012.000000
8613.000000
10316.000000
12597.000000
17476.000000
14020.000000
16190.000000
11941.000000
17649.000000
5141.000000
1965.000000
2815.000000
4200.000000
3285.000000
2120.000000
1221.000000
1657.000000
1506.000000
1141.000000
5406.000000
12375.000000
15301.000000
15052.000000
15829.000000
18667.000000
19857.000000
18880.000000
656.000000
3021.000000
5255.000000
441.000000
342.000000
873.000000
743.000000
2134.000000
8444.000000
4958.000000
4004.000000
1594.000000
2770.000000
4361.000000
1760.000000
1371.000000
870.000000
2382.000000
4614.000000
509.000000
1697.000000
3849.000000
5220.000000
3609.000000
9060.000000
6000.000000
1581.000000
8495.000000
5369.000000
8858.000000
5054.000000
6914.000000
9326.000000
11665.000000
14038.000000
916.000000
4005.000000
6969.000000
4461.000000
1939.000000
3250.000000
940.000000
701.000000
986.000000
1123.000000
2774.000000
3964.000000
1586.000000
1459.000000
3812.000000
4818.000000
1582.000000
4214.000000
6962.000000
10309.000000
11468.000000
10341.000000
8820.000000
10628.000000
8850.000000
1397.000000
3114.000000
4209.000000
772.000000
720.000000
1203.000000
856.000000
3114.000000
4635.000000
1443.000000
6252.000000
6535.000000
3747.000000
883.000000
7740.000000
7922.000000
9935.000000
11587.000000
1232.000000
1471.000000
3312.000000
3791.000000
5908.000000
9390.000000
1387.000000
3005.000000
2934.000000
8916.000000
14631.000000
16367.000000
16610.000000
19973.000000
22458.000000
21454.000000
23098.000000
17599.000000
724.000000
5076.000000
4045.000000
805.000000
938.000000
2915.000000
9024.000000
77619.000000
80658.000000
2176.000000
2997.000000
2179.000000
2158.000000
2388.000000
10008.000000
6511.000000
1345.000000
3545.000000
5202.000000
348.000000
7506.000000
10433.000000
13145.000000
15131.000000
10830.000000
11549.000000
448447.000000
3057.000000
514.000000
1492.000000
631.000000
1311.000000
1061.000000
4388.000000
8581.000000
12510.000000
9467.000000
7748.000000
4511.000000
2822.000000
7665.000000
5309.000000
7099.000000
7128.000000
398.000000
1574.000000
2450.000000
1747.000000
2884.000000
6394.000000
4283.000000
1709.000000
3693.000000
1433.000000
295.000000
1159.000000
618.000000
1426.000000
451.000000
4585.000000
8867.000000
9631.000000
10978.000000
8654.000000
11104.000000
14030.000000
3854.000000
1108.000000
8063.000000
1854.000000
3703.000000
3865.000000
3085.000000
4562.000000
1237.000000
377.000000
1132.000000
5159.000000
1336.000000
1234.000000
8082.000000
5330.000000
9825.000000
6802.000000
8841.000000
10153.000000
4048.000000
1748.000000
1824.000000
6764.000000
1179.000000
1960.000000
1270.000000
4576.000000
4678.000000
886.000000
1387.000000
4012.000000
3933.000000
2394.000000
3634.000000
1860.000000
466.000000
342.000000
4815.000000
5263.000000
7279.000000
7191.000000
6518.000000
5465.000000
1564.000000
3188.000000
1294.000000
3281.000000
2295.000000
2972.000000
5970.000000
6257.000000
6546.000000
3719.000000
695.000000
714.000000
1163.000000
339.000000
1466.000000
3878.000000
4907.000000
7278.000000
2729.000000
1740.000000
1020.000000
627.000000
2945.000000
1042.000000
3285.000000
5508.000000
6957.000000
1639.000000
2724.000000
4164.000000
7034.000000
8713.000000
7918.000000
9167.000000
5540.000000
2593.000000
31530.000000
32288.000000
8951.000000
6885.000000
8637.000000
2881.000000
890.000000
1809050.000000
3671.000000
4183.000000
5571.000000
7772.000000
4621.000000
2753.000000
2656.000000
6220.000000
1836.000000
2481.000000
4081.000000
6046.000000
1564.000000
1723.000000
2913.000000
2295.000000
3475.000000
6101.000000
3356.000000
462.000000
1775.000000
4571.000000
3986.000000
1868.000000
323.000000
1445.000000
3620.000000
525.000000
1215.000000
2083.000000
4915.000000
3539.000000
1113.000000
409.000000
473.000000
2258.000000
4630.000000
457.000000
652.000000
1271.000000
487.000000
685.000000
2255.000000
3194.000000
873.000000
814.000000
3953.000000
6237.000000
6805.000000
7548.000000
6687.000000
308.000000
1613.000000
732.000000
811.000000
2140.000000
2855.000000
4423.000000
7021.000000
5432.000000
7760.000000
10139.000000
2227.000000
486.000000
593.000000
1663.000000
1353.000000
2320.000000
3499.000000
6562.000000
9724.000000
9416.000000
10535.000000
3797.000000
5118.000000
1956.000000
684.000000
2096.000000
914.000000
2116.000000
3037.000000
1264.000000
2070.000000
4267.000000
3471.000000
3197.000000
1232.000000
3133.000000
3762.000000
1493.000000
9664.000000
4070.000000
1071.000000
4866.000000
6059.000000
6246.000000
315.000000
1648.000000
3824.000000
8110.000000
5148.000000
1283.000000
3885.000000
5137.000000
17229.000000
15046.000000
7892.000000
1181.000000
1907.000000
2249.000000
5986.000000
6512.000000
7286.000000
799.000000
3257.000000
5824.000000
936.000000
4581.000000
6599.000000
8132.000000
6484.000000
11270.000000
10321.000000
7735.000000
8070.000000
6023.000000
8466.000000
9161.000000
1455.000000
3132.000000
8768.000000
7163.000000
6695.000000
5498.000000
1013.000000
1085.000000
2187.000000
1724.000000
1409.000000
1379.000000
464.000000
2404.000000
4048.000000
2292.000000
3573.000000
1651.000000
7416.000000
7234.000000
8071.000000
7995.000000
1983.000000
1072.000000
1073.000000
888.000000
633.000000
312.000000
2462.000000
6119.000000
4770.000000
5468.000000
966.000000
5915.000000
7011.000000
6637.000000
9846.000000
7384.000000
3877.000000
603.000000
1773.000000
308.000000
1696.000000
1029.000000
1081.000000
3308.000000
5423.000000
4078.000000
3424.000000
6779.000000
5128.000000
6176.000000
1896.000000
5761.000000
3778.000000
402.000000
607.000000
543.000000
1496.000000
1179.000000
1154.000000
901.000000
372.000000
426.000000
1011.000000
2540.000000
4595.000000
731.000000
1314.000000
1098.000000
2165.000000
1131.000000
1196.000000
554.000000
1688.000000
4454.000000
3865.000000
3327.000000
1433.000000
360.000000
842.000000
427.000000
504.000000
1620.000000
1597.000000
8107.000000
6703.000000
289176.000000
4613.000000
3058.000000
4518.000000
7405.000000
331.000000
1741.000000
2177.000000
3008.000000
6852.000000
1007.000000
3036.000000
1968.000000
2967.000000
1685.000000
2230.000000
3747.000000
4409.000000
5408.000000
226.000000
14247.000000
90976.000000
83839.000000
80500.000000
818.000000
2814.000000
4566.000000
1470.000000
2136.000000
4072.000000
5193.000000
3283.000000
2920.000000
4650.000000
10403.000000
7702.000000
10251.000000
13145.000000
10083.000000
7268.000000
2181.000000
1619.000000
387.000000
922.000000
2566.000000
1673.000000
870.000000
3631.000000
4269.000000
1186.000000
3947.000000
3419.000000
6998.000000
9025.000000
8307.000000
6321.000000
3122.000000
3390.000000
549.000000
2813.000000
3181.000000
4387.000000
5342.000000
6022.000000
1610.000000
433.000000
1380.000000
3195.000000
2599.000000
1834.000000
3592.000000
575.000000
478.000000
1785.000000
5223.000000
2734.000000
1274.000000
1537.000000
11915.000000
6710.000000
4623.000000
6195.000000
694.000000
708.000000
786.000000
4086.000000
5520.000000
8496.000000
10281.000000
9728.000000
6917.000000
6918.000000
3374.000000
5712.000000
462.000000
2076.000000
3353.000000
1447.000000
4044.000000
7710.000000
8587.000000
5870.000000
5649.000000
4781.000000
5458.000000
805.000000
648.000000
1028.000000
289.000000
1375.000000
3059.000000
1183.000000
2676.000000
1352.000000
347.000000
1139.000000
459.000000
1712.000000
2554.000000
970.000000
2900.000000
2356.000000
4153.000000
3315.000000
246.000000
577.000000
1062.000000
717.000000
969.000000
1504.000000
5890.000000
4951.000000
3558.000000
824.000000
508.000000
445.000000
1221.000000
2032.000000
1528.000000
1996.000000
5880.000000
6799.000000
6761.000000
7340.000000
9443.000000
3163.000000
6054.000000
7237.000000
5330.000000
8011.000000
3688.000000
1012.000000
444.000000
5105.000000
5505.000000
6913.000000
9845.000000
9013.000000
8988.000000
943.000000
1260.000000
754.000000
754.000000
4033.000000
6689.000000
9627.000000
10252.000000
8944.000000
10508.000000
3569.000000
1949.000000
6428.000000
7890.000000
8395.000000
4758.000000
913.000000
832.000000
1529.000000
669.000000
4070.000000
7866.000000
8510.000000
10795.000000
8636.000000
13324.000000
10666.000000
1295.000000
1691.000000
2542.000000
1744.000000
1378.000000
1639.000000
443.000000
255.000000
1156.000000
2464.000000
1958.000000
2539.000000
6436.000000
8357.000000
5931.000000
1438.000000
5562.000000
8086.000000
8041.000000
12226.000000
9248.000000
6473.000000
7448.000000
1276.000000
1651.000000
4181.000000
5412.000000
3847.000000
3497.000000
2060.000000
6242.000000
4497.000000
5901.000000
539.000000
1662.000000
2899.000000
2507.000000
5660.000000
4886.000000
1665.000000
1990.000000
2418.000000
1625.000000
5800.000000
2190.000000
3881.000000
1477.000000
2596.000000
2995.000000
3956.000000
1577.000000
404.000000
2826.000000
2353.000000
5017.000000
2757.000000
4562.000000
893.000000
909.000000
4910.000000
4499.000000
5277.000000
5722.000000
656.000000
475.000000
2028.000000
3024.000000
2508.000000
3994.000000
4256.000000
4371.000000
1124.000000
358.000000
782.000000
4344.000000
6924.000000
8546.000000
9574.000000
10342.000000
8467.000000
7113.000000
10578.000000
3298.000000
3859.000000
6147.000000
398.000000
1270.000000
2997.000000
17410.000000
19710.000000
14056.000000
12075.000000
11693.000000
289.000000
1595.000000
2927.000000
1701.000000
268.000000
1268.000000
2085.000000
2292.000000
6018.000000
5533.000000
5918.000000
5375.000000
6896.000000
6218.000000
1547.000000
3566.000000
2096.000000
5804092.000000
3003.000000
3910.000000
4981.000000
889.000000
2696.000000
1609.000000
2548.000000
809.000000
799.000000
225.000000
836.000000
1969.000000
3254.000000
542.000000
895.000000
3193.000000
6274.000000
5076.000000
2102.000000
2041.000000
1272.000000
2401.000000
774.000000
1646.000000
930.000000
287.000000
2665.000000
4691.000000
4446.000000
2194.000000
7353.000000
7563.000000
9628.000000
9324.000000
7635.000000
6165.000000
4295.000000
1993.000000
3479.000000
1009.000000
1024.000000
1166.000000
322.000000
317.000000
688.000000
710.000000
569.000000
382.000000
1210.000000
2578.000000
207.000000
2332.000000
4022.000000
2801.000000
2490.000000
7472.000000
8388.000000
9469.000000
9465.000000
10673.000000
1182.000000
257.000000
1147.000000
516.000000
281.000000
1047.000000
1996.000000
1222.000000
1290.000000
1978.000000
1343.000000
2147.000000
3746.000000
3078.000000
2096.000000
892.000000
894.000000
2960.000000
1081.000000
4298.000000
4250.000000
4018.000000
3219.000000
2359.000000
2440.000000
3791.000000
3696.000000
5133.000000
1180.000000
5348.000000
6151.000000
7307.000000
6217.000000
1640.000000
9771.000000
7604.000000
8090.000000
7007.000000
749.000000
2220.000000
5230.000000
7425.000000
8286.000000
8705.000000
9032.000000
9262.000000
8721.000000
5921.000000
3351.000000
1864.000000
5371.000000
2653.000000
1179.000000
1549.000000
379.000000
2270.000000
3736.000000
1112.000000
2092.000000
2608.000000
822.000000
3142.000000
5642.000000
5553.000000
6298.000000
6054.000000
7624.000000
1649.000000
1304.000000
1762.000000
987.000000
948.000000
4605.000000
8033.000000
8613.000000
9266.000000
6826.000000
8668.000000
2173.000000
3649.000000
5759.000000
4133.000000
1934.000000
2583.000000
576.000000
1507.000000
628.000000
445.000000
971.000000
690.000000
3328.000000
5757.000000
4402.000000
36327.000000
40051.000000
7868.000000
2984.000000
1197.000000
8329.000000
9493.000000
11360.000000
11570.000000
12643.000000
14786.000000
12760.000000
4064.000000
1642.000000
2076.000000
1230.000000
1879.000000
2597.000000
4929.000000
3520.000000
1432.000000
374.000000
904.000000
1912.000000
550.000000
794.000000
1085.000000
1109.000000
2263.000000
934.000000
1452.000000
2989.000000
2045.000000
629.000000
475.000000
958.000000
3355.000000
4546.000000
2697.000000
3627.000000
5765.000000
6613.000000
6546.000000
4908.000000
1285.000000
1328.000000
1445.000000
3336.000000
3835.000000
4852.000000
725.000000
1824.000000
3460.000000
3758.000000
1912.000000
269.000000
906.000000
1334.000000
2395.000000
2200.000000
567.000000
1405.000000
1557.000000
4469.000000
3153.000000
2218.000000
1423.000000
1642.000000
1966.000000
3395.000000
6251.000000
8876.000000
9425.000000
7606.000000
6342.000000
7269.000000
4253.000000
2283.000000
1707.000000
609.000000
2928.000000
3161.000000
5584.000000
5134.000000
2551.000000
5176.000000
3535.000000
900.000000
1883.000000
1515.000000
2347.000000
2826.000000
1284.000000
1715.000000
998.000000
2291.000000
1634.000000
1651.000000
775.000000
322.000000
35985.000000
17683.000000
1165.000000
856.000000
3763.000000
7106.000000
8600.000000
10589.000000
15772.000000
15825.000000
15112.000000
2402.000000
4731.000000
1013.000000
1754.000000
1486.000000
757.000000
377.000000
1263.000000
2197.000000
3643.000000
382.000000
2227.000000
3852.000000
2112.000000
186.000000
1902.000000
1771.000000
1235.000000
2033.000000
2709.000000
379.000000
6365.000000
6839.000000
9524.000000
9015.000000
10460.000000
9520.000000
8541.000000
10743.000000
5045.000000
3047.000000
525.000000
537.000000
905.000000
1603.000000
3082.000000
1157.000000
2767.000000
5121.000000
2859.000000
3697.000000
417.000000
1036.000000
960.000000
3475.000000
2619.000000
412.000000
985.000000
313.000000
1389.000000
1745.000000
3029.000000
2591.000000
752.000000
544.000000
1031.000000
2775.000000
615.000000
1945.000000
2295.000000
1212.000000
1532.000000
174.000000
2702.000000
3011.000000
2017.000000
3432.000000
1628.000000
2073.000000
1494.000000
2963.000000
824.000000
1539.000000
5001.000000
4575.000000
6876.000000
7137.000000
7517.000000
5991.000000
5083.000000
6009.000000
1118.000000
1430.000000
2466.000000
474.000000
875.000000
1853.000000
1255.000000
857.000000
1434.000000
735.000000
2514.000000
2765.000000
2765.000000
706.000000
1533.000000
2325.000000
3760.000000
318.000000
1219.000000
1293.000000
1385.000000
583.000000
1211.000000
821.000000
1122.000000
876.000000
2991.000000
1812.000000
2275.000000
1423.000000
1886.000000
2352.000000
650.000000
580.000000
176.000000
329.000000
1659.000000
5965.000000
6383.000000
6806.000000
7260.000000
7708.000000
6747.000000
2825.000000
1189.000000
2653.000000
5320.000000
3598.000000
4695.000000
2288.000000
1534.000000
3482.000000
1670.000000
591.000000
822.000000
505.000000
932.000000
956.000000
2268.000000
687.000000
2376.000000
775.000000
438.000000
1484.000000
780.000000
1189.000000
926.000000
918.000000
1589.000000
756.000000
1389.000000
4052.000000
5180.000000
7893.000000
5536.000000
6816.000000
5685.000000
6605.000000
6593.000000
8404.000000
6540.000000
570.000000
970.000000
1645.000000
949.000000
2174.000000
3571.000000
1025.000000
1912.000000
3143.000000
1044.000000
762.000000
1457.000000
334.000000
931.000000
211.000000
922.000000
14475.000000
3777.000000
4266.000000
5029.000000
3900.000000
2904.000000
1332.000000
364.000000
1441.000000
3470.000000
3758.000000
2739.000000
857.000000
1334.000000
710.000000
329.000000
239.000000
1199.000000
The average waiting time  is :  10847.594500 
