1 , 128 5443.000000
25630.000000
29204.000000
408.000000
987.000000
3099.000000
2599.000000
1378.000000
410.000000
243.000000
1076.000000
1547.000000
240.000000
2870.000000
3195.000000
3053.000000
371.000000
1169.000000
322.000000
850.000000
238.000000
2329.000000
2307.000000
2644.000000
834.000000
2842.000000
2459.000000
1167.000000
4503.000000
3785.000000
4469.000000
3374.000000
4138.000000
7151.000000
3265.000000
3690.000000
3536.000000
3916.000000
3263.000000
5178.000000
4834.000000
4643.000000
276.000000
880.000000
1442.000000
4577.000000
4347.000000
5209.000000
2241.000000
4102.000000
3127.000000
2942.000000
3444.000000
2889.000000
2900.000000
2314.000000
907.000000
1280.000000
1129.000000
199.000000
2155.000000
2923.000000
3005.000000
2182.000000
1000.000000
2082.000000
1888.000000
440.000000
2096.000000
2552.000000
4204.000000
2736.000000
894.000000
1266.000000
827.000000
749.000000
1143.000000
576.000000
398.000000
1300.000000
3460.000000
3074.000000
3225.000000
3198.000000
4096.000000
3460.000000
3494.000000
3484.000000
3411.000000
3273.000000
2437.000000
1179.000000
907.000000
965.000000
576.000000
1822.000000
784.000000
281.000000
1541.000000
1191.000000
316.000000
1480.000000
356.000000
1197.000000
372.000000
905.000000
285.000000
1115.000000
3654.000000
2875.000000
3890.000000
4012.000000
3671.000000
2782.000000
880.000000
379.000000
145.000000
901.000000
2561.000000
1224.000000
715.000000
821.000000
363.000000
1390.000000
2558.000000
3519.000000
3291.000000
2964.000000
3673.000000
4108.000000
2435.000000
140.000000
1643.000000
1449.000000
5953.000000
4217.000000
7419.000000
4104.000000
4116.000000
4988.000000
4124.000000
3740.000000
5897.000000
5296.000000
5581.000000
5045.000000
3513.000000
1097.000000
820.000000
1257.000000
5003.000000
246.000000
1181.000000
1244.000000
490.000000
238.000000
1756.000000
3279.000000
2747.000000
676.000000
2490.000000
3062.000000
3010.000000
2975.000000
3853.000000
2663.000000
3213.000000
1131.000000
1361.000000
2929.000000
2667.000000
3759.000000
2867.000000
2848.000000
2202.000000
904.000000
1349.000000
1247.000000
212.000000
1376.000000
150.000000
948.000000
960.000000
1733.000000
832.000000
167.000000
723.000000
245.000000
1743.000000
2230.000000
2018.000000
3391.000000
2354.000000
2810.000000
2206.000000
2764.000000
1903.000000
3300.000000
3114.000000
2943.000000
3711.000000
2448.000000
4091.000000
5332.000000
5489.000000
5407.000000
4945.000000
737.000000
965.000000
4204.000000
5400.000000
5262.000000
4651.000000
579.000000
446.000000
323.000000
387.000000
1095.000000
3374.000000
2654.000000
2739.000000
950.000000
1324.000000
3474.000000
3219.000000
3528.000000
3542.000000
1005.000000
562.000000
1362.000000
3126.000000
2872.000000
4064.000000
4642.000000
4552.000000
3245.000000
2042.000000
2729.000000
2037.000000
3302.000000
2791.000000
2842.000000
2736.000000
210.000000
5534.000000
3944.000000
3539.000000
5417.000000
5065.000000
777.000000
1853.000000
1160.000000
4971.000000
4921.000000
5416.000000
3765.000000
2884.000000
4072.000000
3871.000000
4854.000000
753.000000
829.000000
153.000000
1303.000000
413.000000
300.000000
2282.000000
3546.000000
3080.000000
2879.000000
343.000000
1175.000000
661.000000
649.000000
355.000000
1442.000000
3176.000000
2480.000000
3265.000000
2833.000000
3126.000000
2683.000000
3251.000000
2792.000000
3289.000000
2963.000000
3196.000000
2689.000000
3400.000000
2785.000000
3214.000000
3980.000000
5447.000000
5166.000000
4325.000000
4355.000000
615.000000
570.000000
1432.000000
3359.000000
2889.000000
4131.000000
4069.000000
3896.000000
3609.000000
1938.000000
2975.000000
3230.000000
3547.000000
2748.000000
3148.000000
2681.000000
4008.000000
3365.000000
3693.000000
524.000000
976.000000
1629.000000
446.000000
434.000000
993.000000
664.000000
932.000000
701.000000
550.000000
202.000000
783.000000
404.000000
566.000000
1449.000000
365.000000
1176.000000
391.000000
1382.000000
3188.000000
2807.000000
3154.000000
2876.000000
3253.000000
2740.000000
150.000000
1229.000000
3307.000000
2720.000000
3569.000000
2967.000000
3054.000000
2960.000000
4246.000000
5065.000000
5165.000000
2630.000000
3234.000000
2973.000000
3485.000000
3291.000000
5232.000000
5572.000000
4504.000000
2304.000000
174.000000
1298.000000
1074.000000
442.000000
950.000000
3192.000000
2502.000000
3384.000000
2760.000000
3671.000000
2807.000000
2676.000000
1105.000000
526.000000
1306.000000
3316.000000
2705.000000
3115.000000
2896.000000
3135.000000
3353.000000
1376.000000
1121.000000
519.000000
678.000000
1437.000000
3208.000000
3578.000000
3230.000000
2941.000000
3455.000000
2846.000000
2522.000000
3649.000000
3557.000000
2707.000000
1648.000000
442.000000
398.000000
819.000000
1090.000000
617.000000
176.000000
1448.000000
255.000000
1131.000000
469.000000
574.000000
1001.000000
602.000000
952.000000
495.000000
966.000000
2533.000000
1753.000000
1977.000000
3299.000000
2823.000000
2912.000000
597.000000
1578.000000
2138.000000
1082.000000
1065.000000
1364.000000
319.000000
1083.000000
1000.000000
165.000000
1190.000000
494.000000
1349.000000
625.000000
376.000000
759.000000
1430.000000
1390.000000
894.000000
318.000000
997.000000
1185.000000
746.000000
1323.000000
2997.000000
2819.000000
3394.000000
2887.000000
3033.000000
4280.000000
4741.000000
5195.000000
4974.000000
4223.000000
3923.000000
4788.000000
904.000000
1313.000000
649.000000
1104.000000
471.000000
433.000000
764.000000
1393.000000
387.000000
1296.000000
160.000000
603.000000
303.000000
1128.000000
3022.000000
3361.000000
703.000000
1305.000000
202.000000
1655.000000
1998.000000
1292.000000
453.000000
329.000000
619.000000
580.000000
1003.000000
156.000000
1033.000000
278.000000
1509.000000
850.000000
554.000000
1521.000000
1766.000000
247.000000
877.000000
1355.000000
1919.000000
1251.000000
125.000000
1279.000000
429.000000
1312.000000
6541.000000
6530.000000
3298.000000
2756.000000
2946.000000
2165.000000
767.000000
1073.000000
869.000000
181.000000
247.000000
1254.000000
3178.000000
2876.000000
3202.000000
2364.000000
3145.000000
2767.000000
3490.000000
2837.000000
3822.000000
1772.000000
221.000000
1370.000000
893.000000
130.000000
1344.000000
138.000000
1053.000000
806.000000
1050.000000
925.000000
742.000000
911.000000
543.000000
478.000000
233.000000
1411.000000
1013.000000
586.000000
1789.000000
1818.000000
871.000000
296.000000
1703.000000
1437.000000
1139.000000
364.000000
563.000000
1298.000000
3228.000000
2820.000000
2307.000000
799.000000
1147.000000
3263.000000
2763.000000
3228.000000
2377.000000
3377.000000
2703.000000
2965.000000
1130.000000
435.000000
778.000000
308.000000
1089.000000
851.000000
984.000000
139.000000
1278.000000
3165.000000
2708.000000
3325.000000
3217.000000
3200.000000
2852.000000
3282.000000
2621.000000
3385.000000
3382.000000
2754.000000
141.000000
2157.000000
2231.000000
3207.000000
2032.000000
733.000000
980.000000
1555.000000
631.000000
1307.000000
156.000000
1190.000000
1768.000000
3669.000000
2763.000000
3490.000000
3094.000000
3011.000000
3403.000000
3773.000000
2750.000000
3186.000000
2912.000000
3018.000000
3279.000000
3785.000000
3228.000000
726.000000
1295.000000
3676.000000
2662.000000
3258.000000
2536.000000
3601.000000
3301.000000
2799.000000
193.000000
1292.000000
3255.000000
2863.000000
3507.000000
2618.000000
2832.000000
3456.000000
2644.000000
4750.000000
4118.000000
1646.000000
2315.000000
1877.000000
3206.000000
2759.000000
3965.000000
4714.000000
4503.000000
4838.000000
5224.000000
886.000000
2239.000000
2955.000000
2813.000000
2568.000000
1675.000000
2161.000000
257.000000
265.000000
399.000000
1173.000000
369.000000
222.000000
417.000000
372.000000
1210.000000
447.000000
1026.000000
483.000000
848.000000
1439.000000
3410.000000
2693.000000
2695.000000
460.000000
1349.000000
3141.000000
2644.000000
2631.000000
2657.000000
3535.000000
2824.000000
3039.000000
526.000000
1298.000000
677.000000
1746.000000
3218.000000
2688.000000
2958.000000
3286.000000
4633.000000
4258.000000
4819.000000
3970.000000
3242.000000
2921.000000
3202.000000
2125.000000
3622.000000
2677.000000
3706.000000
3396.000000
3646.000000
3314.000000
2409.000000
3603.000000
2825.000000
138.000000
1618.000000
14609.000000
4117.000000
3648.000000
4305.000000
3796.000000
3343.000000
3049.000000
3577.000000
1267.000000
1947.000000
178.000000
1598.000000
3485.000000
3088.000000
3308.000000
2620.000000
3918.000000
2753.000000
3310.000000
2709.000000
616.000000
1584.000000
1409.000000
2971.000000
3347.000000
3872.000000
2960.000000
3275.000000
2742.000000
2947.000000
3378.000000
3541.000000
2742.000000
3463.000000
2865.000000
2545.000000
3052.000000
491.000000
1322.000000
3037.000000
3280.000000
4357.000000
3179.000000
4121.000000
2296.000000
3513.000000
2753.000000
4089.000000
5141.000000
4973.000000
3799.000000
1302.000000
631.000000
462.000000
711.000000
495.000000
3339.000000
1244.000000
3225.000000
2776.000000
723.000000
1622.000000
1409.000000
3529.000000
2619.000000
3638.000000
3390.000000
2804.000000
3182.000000
2692.000000
3460.000000
3315.000000
2946.000000
2685.000000
851.000000
699.000000
1516.000000
1309.000000
3562.000000
2842.000000
3474.000000
2844.000000
2916.000000
760.000000
1151.000000
2942.000000
3299.000000
3853.000000
2757.000000
3305.000000
2743.000000
3198.000000
2853.000000
3137.000000
2752.000000
632.000000
1485.000000
4010.000000
3440.000000
3601.000000
3202.000000
2694.000000
3107.000000
3396.000000
3664.000000
2705.000000
3286.000000
2772.000000
2969.000000
3314.000000
4667.000000
4861.000000
4821.000000
3987.000000
442.000000
1599.000000
637.000000
1343.000000
1165.000000
162.000000
1680.000000
1997.000000
1264.000000
208.000000
970.000000
1598.000000
1139.000000
344.000000
1243.000000
3334.000000
2729.000000
3303.000000
2461.000000
3497.000000
1861.000000
3620.000000
2737.000000
1298.000000
1422.000000
3490.000000
4409.000000
5472.000000
5459.000000
5163.000000
2859.000000
1542.000000
1374.000000
155.000000
1263.000000
3298.000000
2676.000000
2693.000000
226.000000
1266.000000
3253.000000
2711.000000
3330.000000
2694.000000
2972.000000
3265.000000
3848.000000
2953.000000
3237.000000
2779.000000
2949.000000
3290.000000
814.000000
1227.000000
431.000000
707.000000
2465.000000
2063.000000
3458.000000
2672.000000
945.000000
2540.000000
2404.000000
1665.000000
136.000000
692.000000
434.000000
1205.000000
499.000000
3234.000000
1282.000000
3108.000000
2704.000000
3328.000000
2929.000000
3160.000000
2729.000000
3073.000000
3317.000000
3572.000000
2867.000000
3265.000000
3068.000000
3127.000000
2734.000000
3086.000000
2630.000000
577.000000
1378.000000
2945.000000
3360.000000
3581.000000
2888.000000
3945.000000
4596.000000
4255.000000
4052.000000
3197.000000
2707.000000
2928.000000
3181.000000
3550.000000
2789.000000
3451.000000
2718.000000
2742.000000
609.000000
1345.000000
3875.000000
3311.000000
3371.000000
4116.000000
4657.000000
4474.000000
3272.000000
810.000000
1524.000000
2997.000000
3198.000000
3587.000000
2691.000000
3320.000000
2844.000000
2485.000000
2942.000000
130.000000
1386.000000
241.000000
1184.000000
767.000000
1558.000000
1705.000000
849.000000
290.000000
1788.000000
2001.000000
1273.000000
3421.000000
2988.000000
2771.000000
4474.000000
3250.000000
2383.000000
1337.000000
399.000000
1024.000000
599.000000
1155.000000
502.000000
260.000000
696.000000
386.000000
685.000000
449.000000
1484.000000
1342.000000
374.000000
739.000000
105.000000
1177.000000
958.000000
877.000000
1405.000000
3272.000000
2638.000000
221.000000
1221.000000
3554.000000
2754.000000
3265.000000
2812.000000
3182.000000
3026.000000
3021.000000
3916.000000
4601.000000
5185.000000
5156.000000
4866.000000
5043.000000
709.000000
1377.000000
472.000000
164.000000
608.000000
1966.000000
819.000000
1738.000000
The average waiting time  is :  2368.391000 
